(0.000000,0.000000,0.000000,0.000000,0.000000,0.000000,0.000000,0.000000,0.000000,0.000000,0.000000,0.000000,0.000000,0.000000,0.000000,0.000000,0.000000,0.000000,0.000000,0.000000,0.000000,0.000000,0.000000,0.000000,0.000000,0.000000,0.000000,0.000000,0.000000,0.000000,0.000000,0.000000,0.000000,0.000000,0.000000,0.000000,0.000000,0.000000,0.000000,0.000000,0.000000,0.000000,0.000000,0.000000,0.000000,0.000000,0.000000,0.000000,0.000000,0.000000,0.000000,0.000000,0.000000,0.000000,0.000000,0.000000,0.000000,0.000000,0.000000,0.000000,0.000000,0.000000,0.000000,0.000000,0.000000,0.000000,0.000000,0.000000,0.000000,0.000000,0.000000,0.000000,0.000000,0.000000,0.000000,0.000000,0.000000,0.000000,0.000000,0.000000,0.000000,0.000000,0.000000,0.000000,0.000000,0.000000,0.000000,0.000000,0.000000,0.000000,0.000000,0.000000,0.000000,0.000000,0.000000,0.000000,0.000000,0.000000,0.000000,0.000000)
(0.200361,0.148400,-0.009329,0.001572,0.071243,0.094206,-0.000459,-0.005428,0.183815,0.059882,-0.035002,0.052064,0.135551,0.104489,-0.044972,0.057719,0.041850,0.082019,0.037827,0.072449,0.161621,0.039624,0.128119,0.032356,0.194265,-0.043228,0.116845,0.005614,0.082242,0.095619,0.079440,0.061334,0.042897,0.125111,0.269671,0.034605,0.147730,0.142548,0.082503,0.106017,0.095079,0.039876,0.057637,0.182041,0.164611,0.067042,0.096553,0.116551,-0.033097,-0.033119,0.127528,0.120698,0.086365,-0.033873,0.044745,0.020686,0.019017,0.123153,-0.047044,0.135174,0.111017)
(0.152978,0.161960,0.036868,-0.009023,0.115345,0.138139,0.001162,-0.016062,0.158032,0.041800,-0.014255,0.057836,0.145374,0.074350,-0.051309,0.059748,0.042231,0.105380,-0.001225,0.023041,0.147913,0.059728,0.116402,0.064910,0.168322,-0.043217,0.125864,-0.017819,0.091768,0.106924,0.067686,0.090819,0.000423,0.159551,0.221220,0.036234,0.158765,0.163059,0.073498,0.091270,0.097507,0.051617,0.048662,0.126954,0.146214,0.051729,0.110832,0.098536,-0.025048,0.009448,0.127444,0.115039,0.081696,0.021666,0.004299,-0.009927,0.007226,0.091728,-0.033750,0.132911,0.158237)
(0.154517,0.121839,-0.025726,0.026959,0.094115,0.144515,-0.019161,-0.016783,0.155403,0.074068,-0.012549,0.066949,0.101329,0.088308,0.006749,0.067731,0.003127,0.078081,0.014807,0.026505,0.120528,0.070100,0.115197,0.025726,0.138249,-0.007695,0.142230,-0.011976,0.073245,0.121025,0.053409,0.073835,0.041744,0.150020,0.240218,-0.011015,0.155611,0.161733,0.092867,0.085486,0.128448,0.005354,0.051990,0.181189,0.181248,0.045774,0.105712,0.161805,-0.058301,-0.046980,0.126840,0.121742,0.102981,0.019857,0.039158,-0.018716,0.040939,0.075611,-0.036697,0.148100,0.156222)
(0.204634,0.120044,0.013581,0.000204,0.111318,0.136572,0.018270,-0.000905,0.166830,0.038376,-0.033066,0.032111,0.136304,0.054687,0.006946,0.029411,0.031726,0.141549,0.010573,0.066015,0.116051,0.072569,0.108652,0.019439,0.175578,-0.023028,0.169656,0.009237,0.054965,0.096300,0.072607,0.038330,0.015224,0.141185,0.245300,-0.020331,0.138833,0.136906,0.099429,0.080135,0.135269,0.058737,0.079142,0.155645,0.201012,0.073126,0.109189,0.142826,-0.034824,-0.047737,0.147373,0.140738,0.104694,-0.033496,0.051871,0.020327,0.039593,0.115751,-0.043781,0.128475,0.104297)
(0.149408,0.132257,0.002475,0.003483,0.128612,0.116150,0.004770,-0.008438,0.152969,0.019526,-0.033780,0.071634,0.144606,0.095769,-0.001109,0.065063,0.008945,0.114516,0.002363,0.042478,0.109551,0.016018,0.086828,0.026926,0.199078,-0.005810,0.108458,0.005536,0.065098,0.082817,0.084319,0.060577,0.013952,0.141791,0.203487,-0.004311,0.186356,0.148932,0.107916,0.113797,0.128445,0.066510,0.084987,0.157124,0.182526,0.070916,0.078980,0.101562,-0.064066,-0.018818,0.149909,0.104999,0.077062,0.014557,0.023616,0.016196,0.037523,0.093637,-0.051613,0.136537,0.136040)
(0.153288,0.162566,0.032946,0.007970,0.117106,0.095301,-0.010559,-0.007918,0.207950,0.037860,-0.040083,0.067047,0.101446,0.090945,-0.024182,0.087035,0.041252,0.117517,-0.004909,0.036365,0.115088,0.040344,0.120422,0.080515,0.195148,-0.043687,0.159977,-0.020508,0.086731,0.142397,0.090019,0.086092,0.036503,0.177961,0.233486,0.006735,0.134338,0.163603,0.119482,0.116758,0.094111,0.071773,0.083360,0.146967,0.182965,0.046215,0.090792,0.134307,-0.018426,-0.014278,0.176542,0.088837,0.105928,0.007444,-0.006296,0.041132,-0.007466,0.115244,-0.052721,0.180521,0.149887)
(0.157880,0.164724,0.002006,-0.018608,0.081924,0.142747,-0.021815,-0.028429,0.199621,0.029564,-0.027591,0.063982,0.091523,0.093279,-0.026808,0.052411,-0.011941,0.080297,0.006109,0.055052,0.171842,0.035201,0.100635,0.062816,0.160094,-0.038538,0.164629,-0.033955,0.090771,0.123694,0.090421,0.027382,0.019956,0.147424,0.215541,0.022347,0.151245,0.134402,0.114582,0.057997,0.123954,0.012025,0.088874,0.166887,0.192891,0.049103,0.076090,0.158380,-0.052756,-0.017962,0.151962,0.111259,0.097101,-0.036924,-0.001575,-0.002750,0.020655,0.124617,-0.042710,0.145343,0.140557)
(0.168293,0.138177,-0.023872,0.028605,0.104772,0.132480,-0.025034,0.032557,0.184453,0.034923,-0.004102,0.056406,0.102397,0.069350,-0.024458,0.066172,0.016766,0.106721,-0.014462,0.080076,0.173685,0.037052,0.116832,0.020291,0.166667,-0.066223,0.150225,-0.018010,0.073097,0.141450,0.029695,0.087462,0.011167,0.128162,0.255493,0.036405,0.189055,0.171133,0.122287,0.080640,0.098705,0.043220,0.036601,0.152511,0.200157,0.066520,0.075476,0.127012,-0.076258,-0.039145,0.145618,0.089601,0.077767,-0.027070,0.001583,-0.015512,0.002824,0.113371,-0.039526,0.177176,0.147067)
(0.178091,0.162750,-0.026151,0.019140,0.101955,0.144260,0.003310,-0.000867,0.203938,0.018570,0.004566,0.039745,0.101110,0.063642,-0.033853,0.082302,0.010445,0.133299,0.045507,0.052570,0.126578,0.075363,0.069992,0.050379,0.140796,-0.058486,0.162481,0.012213,0.084018,0.118202,0.066427,0.040840,0.012490,0.162614,0.266746,0.034911,0.167948,0.143392,0.087369,0.079017,0.121951,0.016970,0.085657,0.174470,0.168199,0.038841,0.113564,0.156073,-0.077359,-0.008428,0.147173,0.108734,0.079457,-0.005016,0.050803,0.027647,0.032615,0.107507,-0.033484,0.150549,0.117955)
(0.153525,0.156842,0.013398,0.029028,0.107302,0.114976,-0.007909,-0.023262,0.207077,0.073068,0.005416,0.016633,0.137325,0.086451,-0.021582,0.090841,0.004003,0.107289,-0.014395,0.076845,0.169465,0.034594,0.095958,0.047978,0.149246,-0.056700,0.122532,0.014800,0.091845,0.118965,0.039903,0.091444,0.007345,0.175637,0.259898,0.035113,0.151689,0.125321,0.065175,0.065896,0.091042,0.062967,0.049426,0.179778,0.169665,0.082221,0.127409,0.151097,-0.059989,0.012857,0.166473,0.101650,0.059973,-0.027090,0.041318,0.016612,0.012327,0.125414,-0.041932,0.138088,0.136624)
(0.443239,-0.105036,0.126879,0.065859,-0.141043,-0.036373,-0.012457,-0.383081,-0.124965,-0.186248,0.312654,-0.011641,0.318524,-0.046963,-0.126527,-0.032659,-0.126544,0.331825,-0.164416,0.018184,0.134845,-0.027706,-0.045664,0.126360,0.156394,0.086027,-0.055143,-0.185020,0.075291,0.014352,0.039046,-0.195708,-0.082143,-0.290273,0.386190,-0.179144,0.181121,0.224185,-0.238889,0.052084,0.241852,0.033246,-0.139335,-0.400217,0.012737,-0.062909,0.284086,0.362093,-0.188729,-0.108500,0.254784,0.253109,0.072512,0.156152,0.013684,-0.027424,-0.060981,-0.426629,-0.335667,0.223566,-0.096882)
(-0.211959,0.203303,-0.097903,-0.354405,-0.357501,-0.020610,0.355556,0.001395,0.021971,-0.003267,0.125163,0.147869,-0.039047,-0.309649,-0.094476,1.059959,-0.448128,0.308976,0.125054,0.131196,-0.218951,-0.296680,0.010372,-0.199664,0.126251,0.696402,0.149480,0.239825,-0.122682,-0.213939,-0.063918,-0.135179,0.186201,0.356757,-0.106051,0.428366,0.242013,-0.576140,0.001848,-0.242881,-0.108354,0.378555,-0.296775,-0.168360,0.002521,-0.395572,0.050099,-0.055252,-0.084208,0.196672,-0.413498,0.661264,0.000408,-0.180623,-0.102930,-0.028982,0.321059,-0.038077,0.427744,-0.549326,-0.120523)
(-0.427486,0.152265,-0.027918,-0.083299,-0.394184,-0.210242,0.657884,0.144338,-0.323872,-0.220662,0.354158,-0.100285,-0.379048,-0.487765,-0.074195,0.766925,-0.262151,0.204388,0.035524,0.028542,-0.627404,-0.152176,0.356763,-0.474433,0.380119,0.603215,0.460998,0.311008,-0.144431,-0.254881,-0.058437,0.043380,0.135284,0.441174,-0.134876,0.474477,0.171294,-0.950243,-0.059554,-0.265732,-0.266893,-0.051362,-0.117061,-0.076737,-0.436048,-0.237864,-0.219107,-0.019614,-0.006715,0.187858,-0.502703,0.657416,0.216964,-0.345029,-0.199901,0.243203,-0.041488,0.142407,0.514113,-0.455117,0.260971)
(-0.310201,0.055479,-0.116538,-0.168332,-0.339329,-0.209466,0.172298,0.057236,-0.047399,0.166024,0.117481,0.234893,-0.082223,0.025827,-0.079565,0.527104,-0.123369,0.116462,0.005964,0.042258,-0.045688,-0.299248,-0.003707,-0.336191,0.025136,0.151668,-0.113061,0.332505,0.116442,-0.525532,-0.093248,-0.099079,0.109315,0.142490,-0.261431,0.276801,-0.210955,-0.354151,-0.281584,-0.014056,-0.294372,0.170138,-0.094743,-0.124368,-0.158009,-0.051376,-0.114103,-0.100209,-0.207688,0.238468,-0.123744,0.302451,-0.059928,-0.039359,0.032699,0.413320,0.110892,0.177199,0.466788,0.058393,0.165954)
(-0.293506,0.312107,0.070123,-0.321896,-0.287036,-0.402060,0.129994,0.200654,0.055041,0.011192,0.221932,-0.097574,-0.232918,0.056166,0.034125,0.415047,-0.138474,0.165575,-0.062597,-0.027020,-0.220198,-0.285291,0.153273,-0.084768,-0.018819,-0.111969,0.105604,0.559173,-0.012636,-0.471365,-0.233819,-0.115676,0.522236,0.047768,-0.023196,0.415262,-0.008401,-0.436268,-0.023777,0.005054,-0.491373,0.060456,-0.254621,0.089901,-0.243736,0.072247,-0.095271,0.119766,-0.252705,0.390840,-0.039150,0.391616,-0.064177,0.048627,0.004039,0.200943,0.061195,-0.089206,0.217309,0.168538,0.119595)
(-0.337387,0.405730,0.212876,-0.392242,-0.409768,-0.400143,-0.045711,0.206983,-0.011044,0.020003,0.067736,-0.063567,-0.247612,0.050713,0.176582,0.113995,-0.129941,0.202481,0.081361,-0.071600,-0.087467,-0.114256,0.205372,-0.066807,-0.141217,-0.274075,-0.078692,0.348833,0.023721,-0.287569,-0.091490,-0.022223,0.405241,0.085850,0.059548,0.331719,-0.115983,-0.328881,0.010598,0.027106,-0.419049,0.058011,-0.290809,0.027342,-0.259580,0.013444,-0.153791,0.196526,-0.263542,0.246741,0.129061,0.377153,0.031680,0.021605,0.054829,0.121462,0.128389,-0.155667,0.216153,0.246537,0.189261)
(-0.232662,0.083830,0.238226,-0.159066,-0.477950,-0.071256,0.116915,0.155279,0.043445,-0.081557,-0.081969,-0.079838,-0.078555,-0.010480,0.402415,0.257148,0.050718,0.280200,0.203138,0.068850,-0.289680,-0.051249,0.234552,-0.634509,-0.201656,0.098921,-0.190239,0.227241,0.114443,-0.076846,0.102124,0.022753,0.206816,0.348801,-0.123806,0.100387,-0.129468,-0.217802,-0.243244,-0.010482,-0.545825,0.209955,-0.123571,-0.091223,-0.128064,-0.069804,-0.103593,0.008387,-0.273943,0.233064,-0.197927,0.291641,0.170777,-0.150452,-0.100056,0.032990,-0.029717,-0.123544,0.084582,-0.212397,0.288682)
(-0.117905,-0.082225,0.359841,-0.350306,-0.640026,-0.189085,-0.307728,-0.241426,-0.114215,0.205076,0.160220,0.297010,0.086596,-0.095585,0.181354,0.343965,-0.166783,0.345742,0.225410,0.443762,-0.320930,0.190088,0.207211,-0.857471,-0.107877,-0.148194,-0.287925,0.117767,0.070534,-0.287980,0.092104,-0.166253,0.038872,0.584594,-0.207461,0.018707,-0.465491,-0.164946,-0.409291,0.063014,-0.346227,0.471526,-0.319989,-0.033353,0.005103,-0.109910,0.236631,0.020770,-0.578981,0.060054,-0.042564,0.350491,-0.040990,-0.074437,-0.172639,0.349690,0.060664,-0.091045,0.073835,-0.187558,0.209229)
(-0.221843,-0.273438,-0.042297,0.452626,-0.184768,-0.230211,0.182062,-0.058576,-0.291576,0.003621,0.407969,-0.072104,-0.153984,0.055648,-0.125227,-0.021304,-0.065733,-0.012914,0.012295,-0.091922,-0.331445,-0.262224,0.177550,-0.328194,0.304260,0.396665,-0.154894,-0.128520,0.137961,-0.284679,-0.001023,0.122672,-0.164712,0.204142,-0.285042,0.014931,-0.113574,-0.311419,-0.315780,0.005014,0.019888,0.178317,0.024397,-0.404496,-0.165252,-0.158957,-0.287302,-0.271367,0.106822,-0.113202,-0.055755,0.327509,0.109929,0.031644,0.011167,0.055533,0.116266,0.115517,0.287347,-0.066693,0.220195)
(-0.703822,0.033899,-0.244985,0.186447,-0.103158,-0.342186,0.280075,0.538083,-0.695385,0.084332,0.484194,-0.424272,-0.343581,-0.371058,-0.051071,0.055794,-0.433496,0.326238,0.286718,-0.171503,-0.662029,0.033909,0.380530,-0.349341,0.388826,0.498305,0.149840,-0.037934,-0.021766,-0.155418,0.200298,0.248475,0.032570,0.385977,0.058162,0.245513,-0.034029,-0.533036,-0.078125,-0.099875,-0.113717,-0.138726,-0.001624,-0.126393,-0.609268,-0.152678,-0.480636,-0.029973,-0.065905,0.210237,-0.093219,0.636037,0.150949,0.014347,0.124589,0.340162,0.129450,0.053310,0.623813,-0.194349,0.539461)
(0.432316,-0.087250,0.033417,-0.013455,-0.022977,-0.059070,0.010047,-0.360892,-0.099036,-0.184576,0.276114,-0.075282,0.458996,0.002784,0.017101,-0.101628,-0.053488,0.296610,-0.252468,0.160955,0.169161,-0.128649,-0.163907,0.153453,0.069132,-0.040342,-0.047048,-0.256982,0.067089,0.015105,-0.018080,-0.278447,-0.136805,-0.397900,0.217094,-0.231128,0.136745,0.254570,-0.255033,0.001397,0.287427,0.047585,-0.006025,-0.466978,0.038153,-0.077663,0.280265,0.349967,-0.150375,-0.141535,0.201376,0.163493,0.182606,0.209331,-0.047839,-0.100473,-0.039620,-0.388448,-0.355628,0.234934,-0.133034)
(-0.489182,0.243379,0.029228,-0.233388,-0.176786,0.303211,0.092459,-0.048532,-0.279784,0.027144,0.197502,0.018790,0.186443,-0.412876,-0.100443,0.759079,-0.140754,0.132579,-0.151851,0.017802,-0.161621,-0.100135,0.245223,-0.118461,-0.038761,0.579496,0.380676,0.003341,-0.130120,0.051838,-0.044728,0.023663,0.201126,0.242761,-0.123982,0.351660,0.099898,-0.513199,0.210515,-0.284044,0.023406,0.232636,-0.022355,0.086877,-0.019308,-0.281973,0.182730,-0.172732,-0.119383,-0.210893,-0.215159,0.344262,0.133302,-0.346027,-0.059477,-0.083358,0.018841,-0.074250,0.381039,-0.422204,-0.093918)
(-0.381024,-0.049367,0.250269,0.111055,-0.121372,0.331046,-0.099520,-0.149079,-0.296724,0.128960,0.055850,-0.055370,0.056916,-0.067809,-0.053476,0.117608,-0.094864,-0.365629,-0.153121,-0.229066,-0.442030,-0.098572,0.224333,0.088431,-0.059810,0.359998,0.275142,0.223350,0.090360,0.071879,-0.213669,0.355255,0.174809,-0.147096,-0.079315,0.294464,0.215138,-0.323416,0.038370,-0.128778,-0.048905,0.059979,0.485503,0.256955,-0.162860,0.459005,0.288338,-0.031924,-0.010414,-0.137056,-0.223369,0.318924,0.322319,-0.262084,0.048996,-0.088876,0.101947,-0.279321,0.138050,-0.114061,-0.331362)
(-0.286837,0.424462,0.113717,-0.317866,-0.218784,-0.052288,-0.054477,0.140411,0.104977,0.092392,-0.172782,0.054887,-0.166067,-0.146645,-0.023840,0.197019,-0.176359,-0.008646,0.119172,-0.128482,-0.375215,0.070637,0.060074,-0.046442,-0.110554,0.057652,0.175228,0.404595,0.044148,-0.142101,-0.065603,-0.085515,0.246612,-0.091486,-0.275902,0.565399,0.083681,-0.218014,0.017342,-0.186590,-0.177202,0.169965,0.069735,0.087981,0.040636,0.164951,-0.087702,-0.043463,-0.046935,0.203787,-0.334328,0.409655,-0.021578,0.015663,0.061564,0.112351,0.234476,-0.253348,0.339690,-0.174233,-0.140204)
(-0.125376,0.408510,0.034803,-0.226600,-0.225394,-0.370880,-0.066745,-0.164748,0.000416,-0.196099,0.011202,0.113892,0.046905,-0.266984,-0.255843,0.133808,0.019208,0.140187,-0.117869,0.102367,-0.016069,-0.065750,-0.079024,-0.177894,-0.154556,-0.148666,0.366567,0.389247,-0.002079,-0.300064,-0.331158,-0.371635,0.158503,-0.349923,-0.112707,0.294646,-0.044984,-0.382222,0.035666,-0.013296,-0.238466,-0.060757,-0.237205,0.094643,-0.215953,-0.113432,0.123786,0.137080,-0.114458,0.068376,0.222220,0.161002,-0.035285,-0.155466,-0.176168,-0.009778,-0.003801,-0.236438,0.094057,0.181249,-0.149645)
(-0.176267,0.240646,0.055605,-0.219353,-0.176087,-0.420768,-0.066031,-0.191200,-0.165966,-0.124636,0.119686,0.176313,-0.003576,-0.130338,-0.251636,0.233807,0.104271,0.067413,-0.176017,0.037387,-0.066247,-0.094175,0.096154,-0.233740,-0.010477,-0.187612,0.334781,0.339730,-0.046969,-0.298935,-0.301707,-0.206354,0.185230,-0.182231,-0.212625,0.290536,-0.037206,-0.469660,-0.018371,-0.033596,-0.262385,0.010309,-0.221918,0.087280,-0.226656,-0.155875,0.036356,0.071946,-0.101928,0.052396,0.251271,0.095576,0.056607,-0.167052,-0.154078,0.052270,-0.012063,-0.145214,0.173067,0.203511,-0.095984)
(-0.339471,0.071455,0.049536,-0.197624,-0.184692,-0.054676,0.080821,-0.000990,0.060464,-0.109843,-0.185346,-0.071774,0.131537,-0.187000,0.079419,0.205690,0.100533,0.099613,-0.058146,0.050239,-0.139516,-0.086469,0.084048,-0.684246,-0.143145,0.051557,0.083716,0.424066,0.170808,-0.064239,-0.198938,-0.104465,0.159769,-0.019554,-0.060800,0.089899,-0.057321,-0.271414,-0.037346,-0.007764,-0.474908,-0.020856,-0.166553,0.105068,-0.272163,-0.197024,0.068693,0.188910,-0.259670,0.161281,0.033859,0.117736,0.035376,-0.354629,-0.180890,-0.055110,-0.124841,0.001900,0.119741,-0.056345,0.139095)
(-0.033936,-0.125177,-0.009709,-0.243641,-0.243176,-0.094994,-0.253100,-0.152345,-0.169826,-0.015478,-0.141160,0.335126,0.220950,-0.381712,-0.059909,0.340574,0.068577,0.248036,0.044661,0.363897,-0.424332,0.064813,-0.173692,-0.716660,-0.123698,0.293384,0.040187,0.310477,0.119438,-0.071797,-0.009203,-0.068849,-0.051569,-0.099039,-0.311483,-0.005046,-0.025257,-0.164367,-0.298078,0.079588,-0.358375,0.221791,-0.224580,-0.043381,0.052162,-0.326619,0.162085,-0.014514,-0.130766,0.119760,0.105013,0.047562,-0.099533,-0.247403,-0.212993,0.179075,0.006162,-0.039387,0.099247,-0.159707,0.013004)
(-0.186895,-0.170543,0.067668,0.260093,-0.047135,0.041954,-0.074526,-0.157116,-0.448887,-0.184905,0.128282,0.020369,0.279317,-0.139735,-0.135487,-0.053404,0.326741,0.043396,-0.338360,0.129421,-0.170129,0.057521,0.168024,-0.453450,0.013835,0.106384,0.403463,0.056883,0.211710,-0.129447,-0.062669,0.103698,-0.086109,-0.168270,-0.250329,-0.123397,-0.106615,-0.076291,-0.143887,-0.027797,-0.231295,0.013636,0.212909,0.068892,-0.206159,-0.065950,0.136542,-0.256970,0.022043,-0.085575,0.356781,-0.254529,0.267344,-0.016522,-0.131873,0.125616,-0.467958,-0.021434,0.062300,0.172325,0.218392)
(-0.647446,-0.254969,0.088543,0.548687,-0.207201,0.434497,0.019554,0.049976,-0.671044,0.140918,0.318956,-0.011660,-0.014437,-0.279840,-0.156101,-0.200698,0.161948,-0.286042,-0.067182,-0.093078,-0.459887,0.104092,0.504959,-0.339197,0.270937,0.434761,0.481419,-0.288204,0.098913,0.131291,0.158073,0.550770,-0.287409,0.166170,-0.155004,-0.103199,-0.145028,-0.434981,-0.001462,-0.089882,0.104521,-0.108249,0.638099,-0.050926,-0.410440,0.034072,0.101707,-0.286232,0.167753,-0.428248,0.177005,0.017445,0.494896,-0.411146,-0.032356,0.329543,-0.323939,0.119005,0.310835,0.106972,0.334559)
(0.452791,-0.059392,0.065792,-0.030377,-0.057783,-0.013093,0.022203,-0.393341,-0.088989,-0.193555,0.238087,-0.094203,0.435515,-0.011856,-0.029416,-0.072327,-0.102600,0.312225,-0.272523,0.156460,0.138089,-0.090156,-0.178828,0.144007,0.071625,-0.066248,-0.026630,-0.252375,0.068743,0.002868,-0.038763,-0.256313,-0.121191,-0.453547,0.222302,-0.250313,0.194416,0.271929,-0.239324,0.001775,0.228482,0.092585,-0.024567,-0.482074,0.068514,-0.075382,0.294470,0.331216,-0.132480,-0.080044,0.178130,0.217655,0.215251,0.238504,-0.070460,-0.065334,-0.036353,-0.390651,-0.315874,0.239856,-0.147475)
(-0.614349,-0.039400,-0.187442,0.231148,0.252547,0.449551,-0.275888,-0.218145,-0.326414,0.782808,0.254178,-0.244980,0.140910,0.345560,-0.088896,-0.081253,-0.016390,-0.377763,-0.364983,-0.201040,-0.418932,0.171624,-0.055473,-0.013983,-0.017683,0.245041,0.290759,-0.119467,-0.305536,0.486652,-0.090691,0.358244,0.199120,-0.005388,-0.330261,-0.008680,-0.352071,0.364758,0.167000,-0.045408,-0.205709,-0.174829,0.639156,0.223246,-0.016100,0.875632,0.097564,-0.499660,-0.269758,-0.001142,0.253866,-0.047018,0.545590,0.140293,0.087494,0.125556,0.130911,-0.421453,0.223429,0.093511,0.029613)
(0.062158,-0.367223,1.021566,0.204732,0.542919,0.116583,-0.487466,-0.225338,-0.662655,0.111380,-0.030592,0.529210,-0.139549,0.113518,0.372834,-0.111201,-0.380824,-0.153055,0.266305,-0.221090,-0.443555,0.279013,-0.130503,0.408976,-0.676943,-0.338707,-0.154388,0.266077,-0.106460,0.038327,-0.265626,0.563710,0.684704,-0.455920,0.079560,-0.072171,-0.367565,0.164709,0.389637,0.389851,-0.150285,0.078762,0.109806,0.472271,-0.710541,1.059837,0.621099,-0.267994,-0.042489,0.231839,-0.042395,-0.121133,-0.169896,0.224034,-0.073219,-0.010621,-0.357121,-0.330942,-0.261761,-0.085771,-0.387018)
(-0.301662,0.155868,0.617436,-0.153703,-0.477851,0.232783,-0.497727,0.194964,-0.230833,0.235465,-0.132471,0.676177,-0.259921,-0.127441,0.504699,0.023938,-0.481734,-0.028758,1.007787,-0.124103,-0.081940,0.122140,0.227067,0.098093,-0.609021,-0.224728,-0.665619,0.249126,0.118566,-0.097524,0.031396,0.083192,0.053230,0.191311,-0.187818,0.046904,-0.255285,0.127347,0.082407,-0.242780,-0.046922,0.057661,0.051807,0.230421,-0.171764,0.488281,0.261183,0.071958,-0.083851,-0.042830,-0.209142,-0.098456,-0.248477,0.071108,-0.062287,0.324214,-0.141926,0.053950,-0.085063,-0.009341,0.085553)
(-0.122650,0.237006,0.559365,-0.898763,-0.527336,-0.015688,-0.823106,-0.133964,-0.624080,0.307042,-0.285692,0.819422,-0.082001,-0.549516,0.026773,0.068962,-0.670814,0.287491,0.521683,0.305729,-0.092376,0.298339,-0.528291,0.309488,-0.436618,-0.502194,-0.175449,0.319935,-0.056700,-0.104910,0.045733,-0.195766,0.062007,-0.391217,-0.496301,0.536876,-0.477400,0.222866,0.300853,-0.179646,0.162603,0.222907,-0.249795,-0.011446,-0.616284,0.206956,0.367955,0.099012,-0.048079,0.108173,0.287646,0.057497,-0.325188,0.352350,-0.006771,0.411879,0.094928,-0.259275,0.462744,0.065668,-0.099916)
(-0.399315,-0.055249,0.155551,-0.378850,-0.082309,-0.135907,-0.670638,0.183438,-0.731679,0.254465,-0.254392,0.313610,0.088060,-0.479530,-0.462219,-0.310792,-0.408749,0.110651,0.373005,0.023647,-0.124453,0.366667,-0.338069,-0.197077,-0.096831,-0.314288,-0.170729,0.038849,0.228540,0.163855,0.553084,0.058914,-0.334913,-0.226307,-0.342009,0.223999,-0.224641,0.344482,0.058205,-0.361134,0.184172,0.176094,0.432623,-0.075797,-0.311744,0.175571,-0.277819,0.045549,0.075462,0.031830,0.070629,0.141323,-0.149183,0.355764,0.183574,0.463939,0.215453,0.016864,0.766979,-0.002473,0.244922)
(-0.182360,0.168795,0.483645,-0.602668,-0.380759,0.138376,-0.664237,0.057569,0.073902,-0.070346,-0.490380,0.363674,0.304497,-0.314655,0.261285,-0.105483,-0.242397,0.213493,0.527667,-0.149362,0.243842,0.458686,-0.484449,-0.348388,-0.612117,-0.165770,-0.767786,0.369320,0.656070,0.200202,0.068093,0.033067,-0.012348,-0.502398,-0.329774,0.416306,-0.374268,0.420080,0.170956,-0.074476,-0.154715,0.038349,-0.134995,-0.242510,-0.565037,-0.011863,0.449974,0.164066,-0.218443,0.301101,0.174296,-0.196473,-0.423949,0.111061,-0.007225,-0.000610,-0.181594,-0.042196,0.502308,-0.011482,0.147281)
(0.112210,0.487953,0.159057,-0.328746,-0.344194,0.244638,-0.300977,0.136581,-0.341923,-0.022716,-0.370788,0.180622,-0.002083,-0.825711,0.281491,-0.303071,-0.403478,0.240286,0.607040,0.291165,-0.225129,0.614725,-0.560990,-0.294705,-0.596290,-0.290362,-0.254819,0.280461,0.117106,0.377359,0.237684,-0.041034,-0.252727,-0.280027,-0.089090,0.206947,-0.518224,0.424326,0.396264,-0.174292,-0.111166,-0.455057,0.205846,0.076321,-0.644811,0.233865,0.315725,0.187967,-0.046374,0.131732,0.154911,-0.179569,-0.328226,-0.072024,-0.145825,0.105056,-0.374200,-0.062762,0.245672,-0.040866,0.352069)
(0.640649,0.132499,0.535360,0.064951,-0.100928,0.335953,-0.110404,-0.415755,-0.525786,-0.208236,0.101045,0.307633,-0.075885,-0.520281,0.162214,-0.363636,0.160291,-0.003530,-0.001252,0.501835,-0.516609,0.599254,-0.351970,-0.140918,-0.272986,-0.411771,0.300774,0.302114,-0.032888,0.176684,-0.054572,-0.023631,-0.285913,-0.342503,-0.351938,0.032989,-0.230363,0.209263,0.296581,0.021268,-0.124732,-0.484988,0.429732,0.199543,-0.235353,0.466130,0.537614,-0.051068,0.269394,-0.080638,0.274220,-0.607660,-0.147908,-0.070986,-0.226598,0.120043,-0.809200,-0.038030,-0.254614,0.161239,0.118875)
(0.141172,0.227922,0.364015,0.175325,-0.327826,0.336925,0.109702,-0.304579,-0.542538,-0.025824,0.240495,0.269839,-0.184841,-0.342594,0.053195,-0.141305,0.289173,-0.105563,-0.204360,0.621541,-0.730864,0.425167,-0.005075,-0.314323,0.123866,-0.208747,0.726053,0.264211,-0.332729,0.054530,0.108188,-0.293367,-0.307132,0.078065,-0.412067,0.171361,-0.266300,-0.137448,0.354779,-0.203706,-0.174205,-0.372195,0.356004,0.144326,-0.407864,0.271263,0.150732,-0.142542,0.254930,-0.237817,0.116863,-0.220024,0.149988,-0.202066,-0.082440,0.355263,-0.566205,-0.170770,0.100889,0.069428,0.223518)
(0.472040,-0.114891,0.051280,-0.035152,-0.060894,-0.004925,-0.007117,-0.424554,-0.081318,-0.174191,0.274421,-0.092542,0.480330,-0.050807,0.015990,-0.062608,-0.063738,0.275143,-0.233083,0.171439,0.115461,-0.130417,-0.194817,0.140708,0.056303,-0.018676,-0.035779,-0.209054,0.076730,-0.038697,-0.070438,-0.296423,-0.150908,-0.432393,0.244762,-0.215809,0.156398,0.265073,-0.236034,0.038766,0.240986,0.064889,-0.053254,-0.492096,0.069207,-0.126006,0.294167,0.303431,-0.152841,-0.108247,0.165325,0.174668,0.214124,0.209708,-0.049409,-0.081786,-0.017579,-0.378748,-0.356348,0.266604,-0.109798)
(-0.469225,0.358575,-0.476277,0.467723,0.208571,-0.545834,-0.309660,0.221393,0.444970,0.507679,0.229837,-0.637769,-0.134937,0.719785,-0.311850,-0.631171,0.273100,-0.274945,-0.246088,-0.199556,0.060331,0.115809,-0.015634,0.127501,0.210622,-0.447167,-0.145676,-0.046139,-0.568604,0.223756,-0.012580,-0.345007,0.222525,-0.055674,0.337142,-0.131706,-0.676243,0.234835,0.238774,0.203600,-0.168049,-0.191386,-0.050141,0.009878,0.116336,-0.057990,-0.393807,-0.089151,-0.459537,0.261781,0.574577,-0.072604,-0.047294,-0.058159,0.466452,0.104661,0.428435,-0.301922,0.121013,0.498040,0.135265)
(0.077064,-0.053469,0.378886,0.466683,0.368705,-0.242567,-0.237242,0.277766,0.017373,-0.176563,0.009463,-0.121113,-0.447246,0.162118,0.124643,-0.658566,0.042955,0.126870,0.057637,-0.354796,-0.430153,0.124501,0.093269,0.089496,-0.326892,-0.397796,-0.214312,0.295139,-0.219982,0.071513,-0.237117,0.444665,0.756704,-0.198107,0.504902,-0.331488,-0.292120,-0.067063,0.209149,0.624667,-0.376728,-0.427210,-0.144365,0.361819,-0.351941,0.389425,0.067795,-0.123244,-0.004247,0.365813,0.370337,-0.099616,-0.719603,0.060291,0.192836,0.113075,-0.109357,-0.105799,-0.310694,0.381332,0.199421)
(0.101602,-0.311639,0.530956,0.501584,-0.214943,-0.072195,-0.143199,0.003675,-0.581667,-0.309420,0.340767,0.320534,-0.176777,-0.181274,-0.008175,-0.061632,0.009586,0.139159,0.521782,-0.314577,-0.410125,0.029912,0.516003,0.076609,-0.153744,0.265562,-0.496701,-0.443154,-0.081245,0.031488,0.090473,0.116640,0.399609,0.351690,0.329893,-0.119549,0.230631,-0.032747,-0.220680,0.068163,0.220549,0.011297,-0.427459,0.075152,-0.063968,0.051619,0.242727,0.013332,0.195352,-0.177564,-0.017387,-0.354349,-0.481891,-0.297824,-0.249749,0.451732,-0.371586,-0.138117,-0.348905,-0.025851,-0.074116)
(0.115946,-0.305136,0.364187,0.435389,-0.100602,-0.324229,-0.283472,-0.307972,-0.559304,-0.184799,0.428308,0.908332,-0.494431,-0.154889,-0.102370,-0.018145,0.020014,-0.226541,0.539358,-0.493927,-0.332953,0.058394,0.345876,0.344882,0.200775,0.133136,-0.465493,-0.138882,-0.154281,-0.349395,0.009062,0.165746,0.098483,-0.139776,-0.013534,0.015715,0.244475,-0.152354,-0.253807,0.129515,0.337995,-0.080016,-0.430024,0.015358,0.070195,0.081138,0.242767,0.238006,0.245940,-0.076064,0.081016,-0.376531,-0.416556,0.091642,0.071417,0.434738,-0.196082,0.051210,-0.097465,0.143477,-0.247418)
(-0.011843,-0.269447,-0.137838,0.167945,0.127379,-0.497106,-0.328835,0.000647,-0.495678,0.382279,0.196439,0.502743,-0.587553,-0.287053,-0.666548,0.418614,-0.316007,-0.054084,0.549693,-0.275187,-0.614044,0.036637,-0.201419,-0.034169,0.490588,0.265827,-0.100961,0.054074,-0.431669,-0.021215,0.566852,-0.124004,-0.207232,-0.169027,0.030764,0.074279,0.358150,0.255926,-0.413781,-0.453427,0.304121,0.278798,0.158535,-0.148894,0.411890,0.261403,-0.412691,0.077126,-0.021908,0.251891,-0.564216,0.085286,-0.374960,0.667429,0.427833,0.357517,0.568765,-0.186156,0.284998,-0.528649,-0.347027)
(-0.272108,0.298781,0.142267,-0.375125,-0.184816,0.120101,0.567933,0.116071,0.336787,-0.189068,-0.125164,0.061857,-0.268609,-0.219367,0.332238,-0.160040,0.040388,-0.048632,-0.108484,-0.355127,0.149316,0.241139,0.048890,-0.086134,-0.105325,-0.125408,0.106475,0.059621,0.205874,0.055472,-0.372634,-0.110456,-0.004271,-0.224285,-0.129547,0.283101,-0.011469,-0.265375,0.171645,-0.269827,0.261832,-0.797678,-0.178569,-0.003545,-0.612603,0.134173,0.178969,0.371230,0.040400,-0.168527,-0.254745,-0.135195,-0.248477,0.049579,0.314212,-0.044786,-0.186102,0.039194,0.030355,-0.164990,0.213086)
(-0.077097,0.227483,-0.044904,-0.145397,-0.021162,0.037101,0.309564,0.256627,0.183423,-0.065388,-0.110406,0.096272,-0.367765,-0.287248,0.235377,-0.254231,-0.040514,-0.073031,0.152433,-0.418085,-0.105852,0.231286,0.021350,0.175849,0.021278,-0.188811,0.010683,0.164609,-0.112914,-0.005682,-0.189846,-0.145290,-0.051229,-0.081740,-0.038578,0.192922,0.049671,-0.073428,0.206933,-0.354066,0.268576,-0.717623,0.053897,0.039098,-0.348830,0.194855,-0.027798,0.299893,0.272986,-0.058360,-0.154730,-0.187064,-0.354319,0.134969,0.181010,0.077558,-0.119313,0.311193,0.080946,-0.089951,0.262093)
(0.126907,0.454297,0.087958,-0.471447,-0.441163,0.402397,-0.011288,0.473459,0.219484,-0.166275,-0.464901,0.609076,-0.430202,-0.239817,0.241041,0.208429,0.323651,-0.132000,0.276675,-0.021493,-0.105679,-0.234073,-0.195691,0.772724,-0.276106,-0.110189,0.055783,0.205263,-0.372461,0.021407,0.148095,-0.285222,0.498706,-0.077239,-0.403534,0.531971,0.395312,0.019035,0.231874,-0.261326,0.042822,-0.081038,-0.120929,0.097203,0.290562,0.076795,-0.297868,-0.354115,0.243366,0.134285,-0.366051,-0.685081,-0.375690,0.077584,0.174930,0.299465,0.077389,-0.401326,0.152970,-0.373754,-0.359110)
(0.502077,0.579077,0.005123,0.224845,-0.631184,0.494738,0.261281,0.233813,0.184826,0.044522,0.060351,0.192780,-0.541873,0.235332,0.306798,-0.454365,0.763423,-0.491172,0.146174,0.265578,-0.271086,0.140003,0.604508,-0.064462,0.192071,-0.296594,0.277258,-0.019725,-0.459041,-0.038158,0.446685,-0.596392,-0.332854,0.769967,-0.446577,0.195804,0.002973,-0.288026,0.161643,-0.602340,-0.103317,-0.278698,0.349831,0.024238,0.157185,0.184769,-0.380324,-0.401537,0.074056,-0.370919,-0.452647,-0.506247,0.129066,-0.393173,-0.004089,0.159484,-0.229053,-0.279433,-0.028898,-0.189238,-0.054840)
(0.427328,-0.106776,0.072990,-0.050454,-0.060596,-0.016310,0.037043,-0.396084,-0.080914,-0.154171,0.252150,-0.109912,0.479356,0.005591,-0.037857,-0.080985,-0.093890,0.309822,-0.248742,0.145664,0.168600,-0.098499,-0.188894,0.164701,0.070318,-0.073261,-0.056734,-0.231988,0.082564,0.002652,-0.052178,-0.267959,-0.101451,-0.459763,0.257910,-0.233385,0.184984,0.255056,-0.225141,0.000419,0.250988,0.053508,-0.041631,-0.483069,0.046882,-0.100889,0.284818,0.318293,-0.160390,-0.133256,0.221751,0.220256,0.221036,0.204717,-0.047168,-0.060855,-0.009812,-0.397461,-0.358354,0.212879,-0.087160)
(-0.182068,0.433737,-0.711040,0.376459,0.335387,-0.600985,0.053911,0.151980,0.321494,0.333141,0.071405,-0.427407,-0.122774,0.286732,-0.385697,-0.345092,0.137060,-0.009190,-0.235741,-0.094972,-0.131150,0.190536,-0.393071,-0.133227,0.328701,-0.265173,0.248978,0.147569,-0.514469,0.107677,-0.090623,-0.359368,0.068292,-0.333075,0.156276,-0.061756,-0.471722,0.131223,0.161449,0.138490,-0.241426,-0.375157,-0.138733,-0.002046,0.090014,-0.158644,-0.303826,-0.109237,-0.172571,0.488489,0.575779,-0.001916,-0.230168,0.134355,0.414717,-0.042440,0.397427,-0.180946,0.232790,0.339740,0.218465)
(0.216385,0.109569,-0.208110,0.433721,0.256104,-0.147329,0.001003,0.182509,0.176342,-0.191901,-0.064956,0.275433,-0.452151,-0.125813,-0.192238,0.075597,0.028578,0.346683,0.157740,0.146448,-0.294303,-0.028745,-0.302258,-0.294878,-0.078599,0.010223,0.028339,0.375697,-0.457906,-0.198696,-0.128662,0.150261,0.512603,0.003018,0.073545,-0.176298,-0.248069,-0.353251,0.222733,0.594636,-0.394754,-0.190353,-0.482893,0.097922,-0.138700,-0.405527,0.071781,-0.445948,-0.061806,0.495957,0.369484,-0.096457,-0.982465,-0.023573,0.000295,0.042140,0.001751,-0.011128,0.127483,0.116883,0.216323)
(0.130924,-0.068108,-0.100069,0.304228,0.033886,-0.260644,0.014618,-0.262403,0.173450,-0.407975,0.334010,0.414900,-0.195481,-0.386858,-0.186062,0.003016,0.482251,-0.065920,0.060962,-0.241294,-0.387903,-0.049872,-0.042461,-0.088162,0.109851,-0.066022,-0.355106,-0.126594,-0.337654,-0.093870,0.058617,-0.035739,0.308030,-0.294775,0.391046,-0.124109,0.074731,-0.006691,0.115228,0.460643,-0.003396,-0.559697,-0.517598,-0.166776,0.009893,-0.376250,0.064375,0.272134,0.037845,0.004683,0.518906,-0.307346,-0.406460,-0.145890,0.045669,0.219812,-0.192608,0.044403,-0.035949,0.324085,0.203284)
(0.135416,-0.296384,-0.061458,0.668528,0.173120,0.029213,0.013428,-0.167398,-0.158447,-0.173496,0.304792,0.429268,-0.076621,-0.207044,0.150923,0.163506,0.222261,-0.315528,0.308971,-0.591130,-0.584059,-0.119079,0.025727,0.105078,-0.071403,0.295093,-0.672863,-0.308382,-0.247007,-0.156486,0.100163,0.260973,0.300849,-0.294633,0.366738,-0.258337,0.176947,0.082613,-0.106284,0.364474,-0.010689,-0.271093,-0.175600,-0.066583,0.235558,-0.068514,0.249420,0.070025,-0.022431,-0.019249,-0.034983,-0.172913,-0.271488,-0.127853,0.101301,-0.058669,-0.145543,-0.069333,-0.214474,-0.009894,-0.133956)
(-0.209796,-0.323106,-0.248250,0.221618,0.323161,-0.090520,0.111756,-0.011228,-0.417394,0.589749,0.326704,0.299504,-0.473621,-0.007299,-0.375177,0.243596,0.096526,-0.354559,-0.060905,-0.247333,-0.344611,0.145194,-0.076762,0.100696,0.380074,0.010506,0.355272,-0.621591,-0.628389,0.313464,0.480960,0.017767,-0.089160,0.176242,0.148660,-0.375102,-0.022866,0.282737,-0.074877,-0.234897,0.448723,-0.100264,0.285236,0.211472,0.370722,0.341171,-0.501029,-0.090234,-0.201443,-0.468504,-0.372035,-0.132130,0.091321,0.263830,0.572531,0.000471,0.413627,-0.281462,-0.091842,-0.394451,-0.088808)
(-0.290476,-0.151203,0.045041,0.130543,0.312542,0.031564,0.572929,-0.145357,-0.250466,0.218899,0.314338,0.399239,-0.180156,0.242361,0.261644,0.145196,-0.022697,-0.275604,-0.217441,-0.614658,-0.015070,0.059875,-0.072744,0.546127,-0.192234,-0.004133,0.137170,-0.817753,-0.245370,-0.154532,-0.242593,0.222539,0.170787,-0.387218,-0.122347,-0.261604,-0.231703,-0.149118,-0.035787,0.058298,0.372255,-0.250924,-0.120267,-0.034481,-0.019468,0.249912,0.181945,-0.223057,0.002219,-0.398874,0.035792,-0.174482,0.154079,0.288171,0.375713,-0.216191,0.046560,-0.279458,-0.321747,-0.268513,-0.178950)
(-0.276623,-0.355019,0.100606,-0.024320,0.164538,0.089853,0.330795,0.082646,-0.010514,0.118083,0.021109,0.261383,-0.001368,0.046583,0.231005,0.021212,0.066393,-0.171358,0.028179,-0.730867,-0.130012,-0.039003,0.082410,0.170625,-0.141396,-0.155030,-0.194513,-0.480648,0.021801,0.014323,-0.136480,0.250741,0.069379,-0.302351,0.086973,-0.141521,0.116814,0.050118,0.083873,-0.069045,0.246196,-0.585388,0.038022,-0.039670,-0.260531,0.178798,0.047905,0.194761,0.111336,-0.413712,-0.281742,0.116502,0.156294,0.118016,0.404761,-0.209126,0.144911,0.082506,-0.069628,0.060093,0.162907)
(-0.182786,-0.101389,0.028186,-0.023120,-0.321218,0.261644,-0.041907,0.161798,0.384635,0.386428,-0.132552,0.220205,-0.310194,0.264170,0.258078,0.009739,-0.008258,-0.269389,0.339486,-0.214564,0.087347,-0.300327,0.252972,0.226441,-0.070351,-0.162244,-0.416908,-0.054704,-0.352502,0.057288,-0.033746,-0.165540,0.006383,0.218880,-0.101869,0.120141,-0.066477,-0.057703,0.227388,-0.266352,0.160897,-0.035791,-0.117202,-0.090724,-0.058234,-0.138965,0.177851,0.017846,-0.360233,-0.128299,-0.277437,0.018589,0.000670,-0.167622,0.237983,-0.163493,0.207676,-0.142960,-0.002099,-0.079504,-0.208523)
(0.544674,0.435250,-0.047039,0.096961,-0.549229,0.558845,0.052899,0.043795,0.420652,0.340471,-0.174063,0.189289,-0.133735,0.627126,0.354814,-0.179601,0.671509,-0.396710,0.112684,0.023891,0.366817,-0.287355,0.608414,0.100841,0.055957,-0.252725,0.005327,0.041224,-0.266228,-0.168214,0.277310,-0.780699,-0.427197,0.727715,-0.569474,0.170304,0.035546,-0.045817,0.181954,-0.770798,-0.057044,0.185594,0.058816,-0.074231,0.131150,0.107965,-0.215892,-0.536955,-0.240320,-0.236425,-0.403030,-0.253562,0.444344,-0.085495,0.157894,-0.400979,0.010679,-0.459324,0.034581,-0.173165,-0.404006)
(0.461223,-0.070980,0.072612,-0.034549,-0.067607,0.002535,-0.011840,-0.393117,-0.060157,-0.204556,0.260938,-0.082489,0.445346,-0.047226,0.016805,-0.101946,-0.066343,0.334189,-0.230767,0.125996,0.139450,-0.089898,-0.221637,0.152107,0.022057,-0.073998,-0.072592,-0.240396,0.098144,-0.003406,-0.018980,-0.285825,-0.139045,-0.426944,0.255953,-0.210659,0.169307,0.271547,-0.266788,0.005497,0.284429,0.087992,-0.009131,-0.483626,0.095888,-0.081065,0.263298,0.327509,-0.116193,-0.136797,0.211297,0.167959,0.226095,0.228860,-0.044719,-0.104061,0.013594,-0.343527,-0.342624,0.251863,-0.106627)
(-0.177687,0.394313,-0.597897,0.225325,0.261384,-0.649872,-0.059808,0.243648,0.211372,0.400652,0.065847,-0.482497,0.023959,0.444510,-0.336426,-0.356221,-0.028422,0.147910,-0.206334,-0.036691,-0.022374,0.165257,-0.499926,-0.035445,0.309504,-0.264681,0.073910,0.084834,-0.318140,0.004951,0.010338,-0.291981,0.092460,-0.278449,0.293782,-0.119870,-0.544214,0.323950,-0.031436,0.305185,-0.185751,-0.182806,-0.106576,-0.103000,0.053932,-0.121859,-0.345920,0.022681,-0.156972,0.565274,0.565631,0.114677,-0.167588,0.386464,0.490893,0.158502,0.483233,-0.213959,0.186201,0.417793,0.278298)
(0.063612,0.029780,-0.230319,0.556632,0.028014,-0.249589,0.036464,0.067752,0.037327,-0.222815,0.045428,0.482652,-0.313760,-0.051857,-0.389588,0.294746,0.227111,0.381442,0.026995,0.215097,-0.412379,-0.121812,-0.330600,-0.418735,0.097524,0.273081,0.024398,0.171382,-0.378363,-0.379860,-0.038762,0.084204,0.565633,-0.092770,-0.064817,0.031909,-0.212106,-0.474634,0.113289,0.912709,-0.148711,-0.091651,-0.638678,-0.051032,-0.109934,-0.589231,0.071975,-0.518770,-0.159594,0.436246,0.488749,0.022147,-0.943860,-0.234086,0.063339,0.293939,0.178887,-0.054803,0.392004,0.226189,0.373822)
(0.227959,0.001987,-0.346857,0.111039,-0.008847,-0.392047,0.011342,-0.076656,0.369275,-0.194056,0.247058,0.264394,-0.175129,-0.121846,0.015783,0.001013,0.406343,-0.011879,0.188946,-0.020516,-0.309548,-0.118841,-0.299778,-0.066612,0.105396,-0.196132,-0.551253,-0.180845,-0.282229,-0.204206,0.047161,-0.159474,0.128708,-0.093228,0.284038,-0.078456,-0.005009,-0.000139,0.080020,0.470540,-0.001926,-0.345348,-0.541291,-0.294407,0.091335,-0.506507,-0.097483,0.246308,0.056125,0.195812,0.291542,-0.109711,-0.361730,-0.109289,0.057060,0.079325,0.067096,0.247654,0.015937,0.113132,0.186551)
(0.455807,-0.194431,-0.368890,0.241421,-0.036763,0.483189,0.491369,-0.021371,0.127018,0.133431,0.272880,0.091066,-0.108075,-0.041314,0.419366,0.097268,0.276525,-0.200640,-0.199786,0.263040,-0.091212,-0.306098,-0.231131,-0.099964,-0.010222,0.091853,-0.229177,-0.183543,-0.326327,-0.021839,-0.068873,-0.186198,-0.122567,0.314481,0.114980,-0.391066,-0.033888,0.146867,-0.012259,0.106347,0.018288,-0.502475,-0.051624,0.045095,0.051599,0.227031,-0.040359,-0.088390,-0.177370,-0.091350,-0.289530,-0.513016,-0.083517,-0.031262,0.141660,-0.119458,-0.156786,-0.101426,-0.397687,-0.416418,0.065337)
(0.068143,-0.391537,-0.606821,-0.086711,0.234488,-0.188757,0.243386,-0.006436,-0.367795,0.756225,0.314185,0.113629,-0.444262,-0.156365,-0.393433,0.299975,-0.125664,0.007295,-0.316268,0.334016,-0.245763,-0.181607,-0.310897,-0.131859,0.755449,-0.230394,0.537710,-0.162916,-0.873811,0.210933,0.276507,-0.253023,-0.458419,0.411892,0.111872,-0.368414,-0.155453,0.126614,-0.173040,-0.288299,0.285437,-0.185852,0.360854,0.060141,0.136920,0.271748,-0.680014,0.169688,-0.337315,-0.258162,-0.297928,0.026317,0.319482,0.439627,0.601379,0.256969,0.625248,-0.065115,0.032761,-0.426400,0.188779)
(-0.037374,-0.436562,0.050724,0.063936,0.240742,-0.201771,0.480102,-0.016564,-0.041205,0.065917,0.163437,0.475771,-0.303560,0.280237,0.340264,0.264920,-0.196692,-0.309208,-0.039453,-0.490659,0.045761,-0.234717,-0.170105,0.885526,0.053505,-0.160063,0.012550,-0.479477,-0.132152,-0.413572,-0.411665,0.213728,-0.010870,-0.347450,0.025460,-0.299416,-0.074956,-0.480342,0.030595,0.304121,0.426604,-0.079254,-0.341915,-0.005017,-0.029985,-0.114218,0.060545,0.149336,0.110336,-0.164785,-0.169378,0.108594,0.087891,0.200368,0.605813,-0.452242,0.310604,-0.111562,-0.330350,-0.444230,-0.508720)
(0.000273,-0.291531,-0.215259,0.056767,0.371562,0.110015,0.604376,0.480651,0.081583,-0.006475,-0.376570,0.077406,-0.089743,-0.043116,0.479125,0.089205,-0.048725,-0.047857,0.183035,-0.919602,-0.104673,-0.369072,-0.427956,0.921783,-0.220668,0.222687,-0.254783,-0.427707,-0.016512,0.017311,-0.274741,0.367708,0.319652,-0.660980,0.216991,-0.220282,0.527541,0.066658,0.133087,0.204778,0.453944,-0.491204,-0.071928,-0.028549,0.052876,0.138090,-0.275372,0.138691,0.263630,-0.158035,-0.385010,0.228435,0.080957,-0.032912,0.499500,-0.378988,0.269305,0.031117,-0.362793,-0.200706,-0.096099)
(0.101930,-0.014693,-0.421927,-0.259450,-0.099695,0.166414,0.331214,0.278380,0.226281,0.094498,-0.534254,0.086066,-0.100198,-0.017726,0.297610,0.215768,0.027222,-0.086485,0.245577,-0.182887,0.007821,-0.539174,-0.359383,0.326195,0.065548,0.514267,-0.354012,-0.077845,-0.187858,0.049647,0.049700,-0.066511,-0.042807,-0.198770,-0.022968,0.218938,0.429174,0.089828,0.065451,-0.111343,0.159942,0.093906,-0.319707,-0.225057,-0.019135,-0.363716,-0.307965,0.056971,-0.030248,0.140516,-0.404207,0.134959,0.116329,-0.080865,0.436608,-0.477712,0.496250,-0.109123,0.136437,-0.336555,-0.245556)
(0.874694,0.474268,-0.294858,0.103109,-0.624947,0.450104,0.002038,0.009509,0.779195,0.159039,-0.227941,0.155134,-0.124045,0.697763,0.433576,-0.104258,0.785348,-0.344326,0.061605,0.233475,0.636782,-0.349460,0.286782,0.142850,0.005791,-0.137310,-0.281566,0.088006,-0.159199,-0.232601,0.219446,-0.789346,-0.361514,0.814721,-0.698358,0.195820,0.083999,0.021197,0.188409,-0.503406,-0.010404,0.261014,-0.050898,-0.111969,0.367565,-0.096887,-0.281906,-0.536013,-0.256567,-0.025968,-0.408471,-0.459642,0.128418,-0.101952,0.106440,-0.638767,0.036453,-0.355650,-0.119729,-0.212159,-0.467246)
(0.477757,-0.056452,0.036415,-0.024880,-0.018223,-0.052730,0.009992,-0.409946,-0.112350,-0.148849,0.269337,-0.057264,0.446725,0.010728,0.025058,-0.081202,-0.092218,0.327885,-0.265246,0.127462,0.147586,-0.121484,-0.213648,0.129097,0.031650,-0.066185,-0.073299,-0.227344,0.075630,-0.007187,-0.014560,-0.291806,-0.128300,-0.458720,0.259637,-0.217868,0.149605,0.229746,-0.223486,0.000943,0.230986,0.072354,-0.055802,-0.468360,0.070866,-0.119484,0.299308,0.343951,-0.160921,-0.135269,0.229203,0.198711,0.196038,0.187416,-0.036977,-0.057184,-0.020038,-0.403833,-0.350037,0.263050,-0.103372)
(-0.385466,0.377510,-0.409885,0.156476,0.315342,-0.644274,0.036924,0.067963,-0.092273,0.447265,0.026540,-0.558434,0.176667,0.427594,-0.289261,-0.375279,0.149252,0.000415,-0.508922,-0.201010,0.009283,0.169928,-0.607825,0.047937,0.291439,-0.322044,0.137244,-0.126413,-0.394425,0.046993,-0.037807,-0.303259,0.206267,-0.432279,0.292136,0.135292,-0.678138,0.214453,0.309913,0.324019,-0.088265,-0.048116,-0.214039,-0.060235,-0.377230,-0.149283,-0.252983,-0.129728,-0.393499,0.434966,0.651073,0.246547,0.082577,0.219490,0.579287,-0.265731,0.517136,-0.377297,0.445066,0.305677,0.110285)
(-0.364306,-0.227484,0.392594,0.674464,0.603026,-0.428421,-0.193336,0.155295,0.004675,-0.182514,0.110005,-0.220821,-0.167102,0.400510,-0.172614,-0.529418,0.037857,-0.033328,-0.473139,-0.599413,-0.176024,0.346085,-0.292926,0.012369,-0.091280,-0.197362,-0.001692,0.123692,-0.082206,0.164645,-0.205730,0.306240,0.829762,-0.563281,0.268777,-0.180977,-0.801434,-0.254699,0.258136,0.741764,-0.415756,-0.263781,-0.325053,0.083271,-0.470037,0.193532,0.121654,-0.406066,-0.194642,0.537830,0.593044,0.000081,-0.512523,-0.042041,0.297653,0.174950,0.067392,-0.431200,0.156877,0.205726,0.006517)
(0.155804,-0.202313,0.111822,-0.400759,-0.044277,-0.122582,-0.181721,0.048532,-0.162409,0.007392,-0.070765,0.222163,-0.135769,0.083126,0.467085,-0.095078,-0.052488,0.222993,0.535346,0.023120,0.034544,0.262666,-0.015564,-0.042879,-0.152446,-0.126245,-0.669190,-0.305140,-0.117377,-0.030103,0.408074,-0.006682,-0.256858,0.319323,0.205125,-0.121754,-0.164401,0.601553,-0.364768,-0.099074,-0.016434,0.092630,-0.204440,-0.005589,0.232112,0.010054,-0.281097,0.210427,0.086702,0.004619,-0.087311,-0.362423,-0.237585,0.497457,0.179568,0.280952,-0.020768,0.136952,-0.017908,-0.163948,0.284738)
(-0.416932,-0.726484,-0.151461,0.035830,-0.033924,0.091051,-0.564220,0.407522,-0.194639,0.636569,-0.001724,-0.128940,-0.121277,0.264185,0.398561,-0.502549,-0.295901,-0.252918,0.470302,-0.059896,0.032192,0.320007,-0.047397,-0.121735,0.037588,0.259377,-0.782984,-0.154694,0.204762,0.199925,0.344645,0.288504,-0.703065,0.285550,-0.198296,-0.575051,-0.437805,0.297842,-0.407535,-0.154518,-0.015277,0.001662,0.183237,-0.075328,0.104858,0.200892,-0.427320,-0.022711,0.085354,0.123600,-0.410975,-0.177599,0.044232,0.282041,0.460902,0.143606,0.103053,0.287832,-0.014318,-0.453500,0.023026)
(0.026266,-0.399667,-0.268511,-0.414092,0.143859,-0.151154,-0.526981,0.358627,-0.199734,0.818653,0.091897,0.052192,-0.255969,0.132760,-0.450121,0.123779,-0.251247,-0.004492,0.154236,-0.022895,-0.055417,0.057778,-0.512378,0.019843,0.372087,0.067337,-0.093882,-0.177726,-0.174606,0.292111,0.487716,-0.119694,-0.510728,0.221545,-0.050018,-0.187692,0.014410,0.459369,-0.505585,-0.467955,0.244819,0.335435,0.423783,-0.226900,0.525201,0.498977,-0.700576,-0.172784,-0.048647,0.023892,-0.747326,0.013844,-0.133019,0.905420,0.674223,0.127400,0.996761,-0.229203,0.114497,-0.966239,-0.456408)
(-0.134804,-0.148832,-0.297005,-0.079557,0.343718,-0.416171,-0.136792,0.451668,0.599855,0.126940,-0.148763,0.061473,-0.155442,0.179647,-0.107701,-0.560786,-0.062884,-0.537178,0.048109,-0.406015,0.290811,0.134240,-0.331329,0.193558,0.346549,-0.005374,-0.118943,0.269245,0.344317,-0.280783,-0.188612,-0.141244,-0.656569,-0.393406,-0.016256,-0.173385,-0.284530,-0.500561,0.013143,-0.140421,0.085792,-0.281909,0.002994,-0.206132,-0.325288,-0.336902,-0.187675,0.431966,0.629335,0.255068,-0.215396,0.151788,-0.220443,0.252814,0.736398,-0.388420,0.455577,0.410767,0.149370,-0.257237,-0.461700)
(-0.316722,-0.293847,-0.057968,0.189139,0.288206,0.043519,0.241940,0.362892,-0.091368,-0.104274,-0.035003,0.203418,0.032660,-0.230229,0.135854,-0.125579,0.063131,-0.226452,-0.087348,-0.677458,-0.354473,-0.065763,-0.483133,0.256077,-0.078123,0.033835,-0.039695,-0.207165,0.298644,-0.378451,-0.371604,0.331826,0.165138,-0.588710,0.037289,-0.245101,0.241520,-0.162129,-0.088352,0.364441,0.314830,-0.634209,0.119185,0.044225,-0.069780,0.241626,-0.217730,0.183439,0.421989,-0.101220,-0.250138,-0.043549,-0.201225,0.016097,0.314217,0.072252,-0.093908,0.300147,-0.210494,-0.172524,0.234458)
(-0.110506,-0.001392,-0.238141,0.003662,-0.262928,0.494451,0.101582,0.531276,0.355748,-0.307886,-0.453875,0.469654,0.134917,0.027174,0.361916,0.609839,0.571769,-0.221804,-0.137794,0.040089,-0.197485,-0.499003,-0.893602,0.564132,-0.653408,0.450658,-0.073528,-0.205292,0.084694,-0.224007,0.051394,0.004091,0.760026,-0.557422,-0.272941,-0.021132,0.358434,0.153396,0.059735,0.621140,-0.002281,-0.098649,-0.090750,-0.024844,0.649149,0.023349,-0.330803,-0.568876,0.258966,0.231568,-0.275919,-0.905743,-0.432895,-0.203540,0.062946,0.320515,-0.216579,-0.283246,-0.198443,-0.486741,0.006733)
(0.615269,0.310136,-0.135802,0.131172,-0.676604,0.356032,-0.000138,0.200801,0.955190,-0.118975,-0.096072,0.177210,-0.212228,0.740563,0.226148,-0.145418,1.250137,-0.560853,-0.016821,0.442495,0.215861,-0.212333,0.552842,-0.278376,0.051801,0.066197,-0.075169,0.022649,0.047061,-0.336455,0.312553,-0.603290,-0.248143,0.963569,-0.592597,0.038908,0.264044,-0.101391,-0.132988,-0.221454,-0.070865,0.067395,0.076091,0.007869,0.549304,-0.090696,-0.390571,-0.537340,0.145852,-0.183453,-0.381252,-0.887015,-0.133715,-0.351951,0.005817,0.008005,-0.336107,-0.055751,-0.227235,0.030148,-0.138803)
(0.437786,-0.112596,0.061174,-0.008956,-0.044206,-0.056149,0.036553,-0.389180,-0.099471,-0.165728,0.220306,-0.074275,0.435569,-0.046966,-0.024864,-0.043493,-0.055029,0.297633,-0.240632,0.149360,0.124780,-0.136802,-0.208373,0.163074,0.053874,-0.026354,-0.075928,-0.202716,0.069762,-0.002239,-0.072384,-0.270303,-0.112162,-0.424445,0.229737,-0.227706,0.180461,0.226393,-0.212557,0.044676,0.278084,0.034233,-0.029076,-0.499750,0.042391,-0.075340,0.305626,0.352663,-0.147030,-0.104335,0.192477,0.189799,0.211651,0.223305,-0.079249,-0.086688,-0.011658,-0.381397,-0.354912,0.265558,-0.143328)
(-0.351004,-0.286829,0.405646,0.349161,0.088076,0.168874,0.701191,0.000766,-0.423924,0.116770,-0.034085,-0.409882,0.220968,0.195665,0.061081,0.223011,0.066552,-0.352728,-0.235550,-0.336387,0.279119,-0.171364,0.496942,0.157232,0.292173,0.171459,0.240717,-0.508738,-0.050705,0.362389,0.015481,0.617989,-0.231272,0.223044,0.687545,0.147795,0.058708,-0.171455,0.459702,-0.132905,0.423512,0.285430,0.354798,0.111665,-0.740562,-0.253210,0.322299,0.226206,-0.158195,-0.283158,-0.176660,0.076882,0.565041,-0.399330,0.370176,-0.656645,-0.137850,0.191664,0.194180,-0.373530,-0.114969)
(-0.193356,-0.055456,0.365679,0.353080,0.470196,0.168153,0.026638,0.327562,0.227934,-0.071132,-0.202288,-0.273876,-0.219928,0.368637,-0.005637,-0.193500,-0.237386,-0.145446,-0.062425,-0.342035,0.501085,0.260747,0.399038,0.217996,0.004390,0.258761,0.408296,0.239927,-0.057415,0.498086,-0.182009,0.453659,0.391853,0.233048,0.186168,-0.166462,-0.245125,-0.340802,0.189548,0.084794,-0.063166,0.078683,0.032675,0.532206,-0.121003,0.325494,0.221992,-0.559878,-0.015391,0.129049,-0.198310,-0.054426,-0.190481,-0.127212,0.005227,-0.256715,-0.033058,-0.056138,-0.157722,-0.283444,-0.397201)
(0.019947,-0.042264,0.217797,-0.306085,0.076430,0.544743,0.279325,0.241296,0.151255,0.241134,-0.244332,-0.293527,0.080846,0.073536,0.460596,0.144423,-0.356995,0.237827,0.088703,0.058702,0.039607,0.473581,-0.026568,0.059381,-0.243937,0.219843,-0.035851,0.003090,0.067158,0.728890,-0.006011,0.219016,0.119392,0.326233,-0.445657,0.018248,-0.065887,0.476197,-0.339773,-0.230714,-0.043172,-0.097800,0.342777,0.163246,0.619282,0.699484,0.178570,-0.485102,-0.067586,-0.007106,-0.718972,0.023122,0.036325,0.209119,-0.273891,0.292668,-0.054763,0.035957,-0.235380,-0.526758,0.038473)
(0.025085,-0.091359,-0.177579,-0.481234,0.525811,0.123448,0.375534,0.568427,0.191704,-0.438643,-0.653229,-0.367522,0.181394,-0.384869,0.231169,0.130196,-0.260282,0.228499,0.225855,-0.037465,0.153246,0.280185,-0.584365,0.106650,-0.392150,0.555734,0.155088,-0.176129,0.365068,0.573516,0.265097,0.242590,-0.304333,-0.368839,-0.308899,-0.233545,0.221648,0.206054,-0.256956,-0.296921,-0.239356,0.028941,0.197141,-0.200820,0.497788,-0.305979,-0.503745,-0.349667,0.908052,0.044791,-0.678186,0.030717,0.005035,0.275594,-0.126911,-0.363843,0.005011,0.236635,-0.140305,-0.785684,-0.148442)
(-0.056800,0.196360,-0.295591,-0.614407,0.645749,-0.253566,0.189842,0.374927,0.208003,-0.207759,-0.706357,-0.448606,0.339037,-0.258600,-0.115959,0.027071,-0.257806,0.198518,0.249446,-0.118351,0.235077,0.179643,-0.691721,0.264532,-0.226934,0.215585,0.026407,-0.120469,0.037373,0.591094,0.249136,-0.023945,-0.152302,-0.443545,0.292098,-0.020586,0.313850,0.587932,-0.104812,-0.393856,0.018100,0.297491,0.221351,-0.230342,0.328062,-0.328926,-0.553158,-0.001725,0.833579,0.154772,-0.430775,0.149332,0.034607,0.383239,-0.010029,-0.413480,0.393348,0.298858,0.129396,-0.464875,-0.244438)
(0.017361,-0.314857,-0.306651,-0.018014,0.643394,-0.299030,0.034523,0.445250,0.196482,-0.576779,-0.358448,-0.060962,0.476009,-0.013972,-0.059699,-0.351929,-0.020505,-0.519811,0.080059,0.150790,0.560460,-0.196230,-0.443549,0.731746,-0.207937,0.476874,-0.277046,0.181798,0.613045,-0.341826,-0.088599,0.168085,-0.440884,-0.655147,-0.189690,-0.163843,0.282967,-0.141813,0.063139,0.008949,-0.030469,0.284242,0.145910,-0.165568,0.156536,-0.597815,-0.151780,-0.110024,1.445792,0.243304,-0.264650,-0.224517,-0.197406,0.165263,-0.038330,-0.496218,-0.066749,0.816890,0.011034,0.070048,-0.623817)
(-0.177604,-0.498636,-0.312328,0.449271,1.121109,-0.224665,-0.189448,0.183380,0.131512,-1.071975,0.164353,-0.306182,0.526914,0.112718,-0.313087,-0.173997,0.277571,-0.423129,-0.250609,0.080259,0.421586,0.152878,-0.078978,0.237390,-0.395185,0.513664,-0.206261,-0.050299,0.669150,-0.284302,-0.151155,0.249435,0.179676,0.297200,-0.731730,0.295868,0.123669,0.102165,-0.135000,0.313171,-0.067998,0.394551,0.009395,-0.139367,1.077173,-0.188994,-0.288094,-0.848918,0.908786,0.230132,-0.098294,-0.865191,-0.207579,0.332311,-0.699795,-0.062469,-0.468252,0.630368,0.027085,0.112075,-0.294233)
(0.148443,-0.396392,-0.031494,0.409910,0.266192,0.166299,-0.187873,0.019163,-0.109933,-0.333083,0.230296,-0.200001,0.206202,-0.145754,-0.096874,-0.097978,0.299086,-0.003515,-0.232463,0.410844,-0.411632,0.278603,-0.337736,-0.114094,-0.110192,0.063187,0.193920,-0.123038,-0.152096,0.393776,0.012731,0.247281,0.153284,-0.009504,-0.478189,-0.481653,-0.078678,0.254907,-0.395514,0.470990,-0.247770,-0.363746,0.460118,0.080009,0.967539,0.274286,-0.145018,-0.614325,0.359853,-0.085800,-0.090217,-0.507581,-0.017847,-0.192463,-0.657747,0.626582,-0.516821,0.187469,-0.415584,0.073292,0.320132)
(0.255656,-0.166912,-0.052493,0.420574,-0.243743,0.213401,0.164245,0.022359,0.073703,-0.538688,0.260082,-0.271865,0.057406,0.016876,0.053912,-0.152681,0.654187,-0.093237,-0.281873,0.690672,-0.278665,-0.210243,0.456967,-0.257660,-0.145374,0.089949,0.314773,-0.258958,-0.000399,-0.208749,0.122571,0.063632,-0.059809,0.541758,-0.290020,-0.313246,0.262413,-0.198273,-0.295308,0.235351,-0.027013,-0.127327,0.401446,0.139565,0.473117,-0.175874,-0.326372,-0.208332,0.219310,-0.462184,-0.030200,-0.460858,0.106593,-0.575516,-0.423970,0.507473,-0.711493,0.036121,-0.433497,0.355186,0.366112)
(0.476223,-0.090362,0.086696,-0.023138,-0.042438,0.001532,-0.007291,-0.417905,-0.087936,-0.165935,0.271209,-0.065531,0.438801,0.007658,-0.026912,-0.081752,-0.047336,0.303588,-0.275664,0.184889,0.127094,-0.087577,-0.204954,0.129094,0.033187,-0.023500,-0.037718,-0.245669,0.079882,-0.036016,-0.029049,-0.289088,-0.123706,-0.422928,0.264095,-0.237482,0.172320,0.216923,-0.251059,-0.019268,0.268409,0.046655,-0.016939,-0.438854,0.042097,-0.065250,0.260921,0.292723,-0.130984,-0.116732,0.168066,0.208158,0.181142,0.202312,-0.094869,-0.070545,-0.029799,-0.358808,-0.314380,0.257542,-0.087177)
(0.104923,0.354660,0.427439,-0.093759,-0.131701,0.038593,0.196989,-0.180776,-0.511611,-0.152425,-0.036265,-0.284269,0.241777,-0.266716,-0.232585,-0.051281,-0.041681,0.018349,0.091126,-0.143797,0.552874,0.035806,0.397049,0.405960,0.193362,-0.119415,-0.022956,-0.444052,-0.303103,0.554234,0.049356,0.065463,-0.031007,0.367615,0.715756,0.361641,0.276355,0.173318,0.531366,-0.272597,0.838745,0.044142,-0.014911,0.089236,-0.483406,-0.228553,0.225882,0.476120,-0.100670,-0.600642,-0.055810,0.067080,0.222853,-0.530312,-0.132326,-0.414089,-0.228294,0.262964,0.025602,0.180010,-0.002472)
(-0.225056,-0.096551,0.534961,0.395110,0.147724,0.170663,0.134039,0.375097,0.608671,-0.164700,-0.247201,-0.297735,-0.473914,0.239993,0.170497,-0.413338,-0.273060,-0.441753,0.345882,-0.133518,0.959224,0.215653,0.944392,-0.046827,-0.071008,0.236406,0.137917,0.308424,0.205963,0.592980,-0.201428,0.405064,-0.258398,0.562618,0.551795,-0.284657,-0.323650,-0.841187,0.547773,-0.355655,0.023294,-0.014134,-0.138253,0.415584,-1.099986,-0.282715,0.610572,0.169135,0.205130,-0.061464,-0.286272,-0.023561,-0.334283,-0.578461,0.042874,-0.782819,-0.320557,0.349064,-0.234947,-0.274324,-0.607763)
(-0.480848,-0.526790,-0.040514,-0.394797,0.327202,-0.139228,0.137497,0.123271,0.416424,0.108754,-0.429738,-0.204083,0.158629,0.169831,0.286593,0.100963,-0.276837,-0.032532,-0.035061,0.148069,0.290532,0.175801,-0.120182,-0.238517,-0.022178,0.026841,0.179414,0.043105,0.260155,0.284672,-0.278728,0.312125,-0.228958,-0.154167,-0.342126,-0.202347,-0.286928,-0.053327,-0.231897,0.145635,-0.227276,0.068876,-0.145036,0.091059,0.016231,-0.285883,0.092847,0.131894,0.123595,0.050984,-0.191999,0.207035,0.414319,-0.084700,-0.166321,-0.164043,0.040078,0.455765,-0.049043,-0.138252,0.009248)
(-0.218605,-0.065218,-0.247134,-0.474129,0.835262,-0.300202,0.146122,0.181943,0.806804,-0.440640,-0.388604,-0.091922,0.282160,0.218299,0.193553,0.373148,0.080651,-0.050128,0.113953,-0.091943,0.874207,0.062745,-0.029615,-0.354063,-0.514447,0.337116,-0.339903,0.433778,0.744206,-0.079811,-0.387947,-0.061559,0.064462,0.633520,-0.693366,0.610551,-0.084952,0.097384,-0.147846,-0.158149,-0.384540,0.553547,-0.891796,-0.127899,0.349089,-0.340068,-0.069794,-0.366953,0.290874,0.407903,-0.204405,-0.553503,-0.137207,0.686666,-0.349522,-0.772032,0.094293,0.624243,0.237278,-0.420261,-0.425001)
(-0.137407,-0.091168,-0.273977,-0.517889,0.597400,-0.360628,0.383382,-0.073840,0.412848,-0.310115,-0.429558,-0.152117,0.393698,0.324619,0.154864,0.610241,0.186852,0.141918,0.010327,-0.121261,0.830576,-0.388392,0.156852,-0.295205,-0.662731,0.296992,-0.405908,0.075864,0.516861,-0.314978,-0.458975,0.082587,0.095532,0.625876,-0.325005,0.777808,0.223076,0.382539,-0.235882,-0.103224,-0.149705,0.637053,-0.874253,-0.221859,0.185355,-0.294291,-0.160756,-0.194198,0.067085,0.136830,-0.111195,-0.538159,-0.055468,0.708316,-0.371823,-0.764581,0.127015,0.535848,0.235891,-0.349346,-0.221504)
(-0.322718,-0.448047,-0.238767,0.125464,0.684600,-0.555575,-0.045630,0.142482,0.077912,-0.650870,-0.081268,0.048869,0.486130,0.105238,0.024649,-0.354733,-0.001899,-0.386616,-0.034719,0.112194,0.814257,-0.352165,0.206734,0.129765,-0.388476,0.144083,-0.325126,0.248701,0.777651,-0.731549,-0.409711,-0.018508,-0.299990,0.220042,-0.316270,0.259493,-0.209002,-0.291049,0.012534,0.134382,-0.151260,0.479588,-0.665447,-0.176981,-0.222103,-0.466689,-0.045656,-0.100394,0.743493,0.196084,0.098290,-0.319250,0.188436,0.519076,-0.203410,-0.612556,-0.077285,0.713792,0.096597,0.233406,-0.494572)
(-0.308208,-0.316091,-0.131254,0.183977,0.082012,-0.350670,-0.454452,0.123631,-0.095306,-0.296251,0.082198,-0.214178,0.553857,0.211415,-0.029332,-0.679268,0.023747,-0.343031,-0.013340,0.109873,0.520709,-0.209963,0.197540,0.275248,0.019057,-0.075842,-0.519400,0.163566,0.191706,-0.337548,-0.242673,-0.035756,-0.144161,0.008339,-0.064439,-0.163793,-0.263017,-0.079739,-0.104436,0.204287,-0.146461,0.227071,-0.226721,-0.032763,0.069521,-0.316530,-0.116991,-0.098501,0.454484,0.061646,0.135222,-0.036935,0.381854,-0.177145,-0.406333,-0.156868,-0.110238,0.508113,-0.041240,0.413257,-0.199832)
(-0.250860,-0.504807,0.014234,0.304979,-0.677575,0.018676,-0.743635,0.441290,0.028495,0.489839,0.116587,-0.017123,0.140524,0.278690,0.122642,-0.430629,0.114644,-0.247104,0.134233,0.284248,-0.054260,-0.132844,0.016609,0.111835,0.372149,-0.259107,-0.489650,0.055425,-0.255609,0.083189,0.092087,0.160566,-0.344919,-0.197444,0.155811,-0.854892,-0.395310,-0.131484,-0.184739,0.380871,-0.161469,-0.250190,0.342089,0.104290,0.103217,-0.251593,-0.125646,0.076290,0.168205,-0.185540,-0.131835,0.277418,0.180833,-0.796854,-0.060988,0.616195,0.022499,0.545685,-0.141237,0.268632,0.302391)
(-0.636244,-0.667470,-0.491649,0.543124,0.004776,0.131433,-0.243356,0.689699,-0.055191,-0.120156,-0.200300,-0.552373,0.074171,0.112093,0.222219,-0.848660,0.051642,-0.689241,0.200433,0.111285,0.092406,-0.612269,0.574326,0.531706,-0.240844,0.270658,-0.266734,-0.473942,0.497712,-0.007321,0.234558,0.968920,-0.397772,-0.123474,0.338274,-0.779310,0.225487,-0.219642,0.049826,0.260957,0.163131,-0.074754,0.718262,0.009729,-0.510489,-0.508843,-0.430282,0.536912,0.442295,-0.444561,0.352146,-0.275716,0.499052,-0.640004,0.274341,0.030972,-0.307634,0.426738,-0.174246,0.830663,0.283045)
(0.173627,0.146437,0.004387,0.005311,0.100252,0.114279,-0.004416,-0.001013,0.180878,0.047043,-0.015574,0.045806,0.121511,0.076294,-0.025400,0.060019,0.016065,0.109774,0.017266,0.049217,0.141229,0.042376,0.096660,0.049361,0.165802,-0.036330,0.142018,-0.014004,0.071996,0.110862,0.059410,0.058025,0.022507,0.152464,0.236431,0.009556,0.161488,0.139021,0.095538,0.083169,0.112382,0.038670,0.062199,0.151633,0.168879,0.057506,0.102114,0.128706,-0.048547,-0.014450,0.150122,0.118526,0.074118,-0.009068,0.025907,0.013645,0.017049,0.095818,-0.040034,0.156631,0.132596)
(0.519735,-0.923287,0.513841,-0.639714,-0.184901,-0.712322,0.228006,-1.003958,-0.529846,0.248959,-0.497262,0.469168,-0.741747,-0.760819,0.498667,-0.698822,0.309850,-1.041179,0.728653,0.391999,0.723724,0.834452,0.569849,0.494473,0.699550,0.084567,-0.589903,0.931243,-0.781553,0.545079,0.055281,0.866862,-0.793450,-0.940848,-0.722036,0.438571,-0.719973,-0.532969,-0.824103,-0.860704,-0.480317,-0.678043,-0.678823,-0.911589,-0.820807,0.485486,-1.176744,-0.813691,0.394206,-0.633064,-0.977019,-0.153513)
(-0.652051,-0.450007,0.314601,0.275454,0.493798,0.349030,-0.215115,-0.970025,-0.758324,-1.079810,-0.451565,0.599896,-0.570488,-0.752673,0.035529,0.414764,0.163690,-0.950604,-0.880042,-0.069882,0.159681,0.899669,-0.493269,-1.095610,-1.184909,0.291815,-0.986327,-0.204997,0.116986,-0.154531,0.358041,0.317496,0.007752,-1.032182,-0.346019,-0.703329,-1.055929,-0.736037,-0.653895,-0.242105,0.308199,0.088200,0.067866,0.053081,-0.073932,-0.012364,0.101636,-0.708898,0.275519,-0.829962,-0.431489,-0.197203)
(-0.769056,-1.022780,0.147121,-1.077574,-0.964346,0.250683,0.028828,-0.485097,0.115293,-0.366210,0.137838,0.219841,0.083393,0.461840,0.013605,-0.335878,-0.993632,-0.825282,-0.327843,-1.237963,0.289990,-0.056320,-0.846722,0.347279,0.005302,-0.676484,-0.959115,0.203216,0.229417,0.254724,-0.159222,0.387635,-0.136605,0.004748,-1.159648,-1.100383,0.281245,0.137719,-0.998638,-0.035373,-0.311665,0.065201,-0.343468,0.239832,-0.582129,-0.966181,0.185942,0.152698,-0.850965,0.128712,0.090193,-0.195066)
(0.277759,0.160319,0.121968,0.168869,-0.214006,-1.149637,0.469881,-1.155189,0.543874,0.628010,0.127856,-0.688631,-0.877166,0.280962,-0.059135,-1.122112,-0.320900,0.102191,0.259995,0.214811,-0.855310,-1.104325,0.241199,0.128588,0.257781,0.083230,0.733591,-0.371999,0.218115,-0.348215,-1.106062,-0.000423,0.537371,-0.834488,-0.630165,-0.624714,-0.826183,0.570376,0.372391,0.032499,-0.820926,-1.164739,-1.015634,0.243852,0.474726,0.202975,-1.271981,-1.117593,-0.020866,0.481532,-0.812474,-0.177748)
(0.345292,0.079402,-1.641758,-1.063046,-1.215161,-0.740331,-0.483768,0.357262,0.286288,0.504402,-0.946274,-0.979052,-1.343360,0.596783,0.981144,0.276121,0.648185,0.688789,0.120408,0.381782,-0.867451,-0.544569,0.359620,0.409513,-0.167485,-0.583346,0.376832,-0.938053,-1.269582,-1.066240,-0.457101,-0.525762,0.626265,-0.221649,-0.811602,0.193104,-0.970071,0.310623,0.218241,0.327941,0.061894,0.250428,0.279203,-0.851758,0.090643,-1.142131,-0.973094,0.252215,0.170932,0.029134,-0.007235,-0.185951)
(-0.514436,-0.716571,-0.074173,-0.612159,-0.495131,-0.809532,-0.893837,-0.669499,-0.591820,0.674791,-0.491627,0.809717,-0.212411,-0.426633,-0.817470,-0.610226,-0.217995,-0.693124,-0.590336,-0.174878,0.320091,0.498236,-0.735061,0.500822,0.279795,0.666103,0.047007,0.338693,0.759772,-0.011367,-0.649441,-0.377393,-0.323710,-0.918069,-0.386417,-0.809564,0.832715,-0.589558,-0.464708,-0.838401,-0.833157,-0.493762,-0.571994,-0.705282,-0.685599,-0.419306,0.731154,0.200769,0.053369,0.361861,0.181590,-0.178533)
(-1.176403,-0.725310,-0.937699,-0.099207,0.354127,-1.069184,-0.443308,0.099885,-0.026120,-0.045462,0.195691,-0.661031,-0.260649,0.304897,-0.775078,0.585345,-0.102994,0.379944,-0.817407,0.204263,0.775010,-0.301585,0.535699,0.210288,0.138407,0.397163,-0.775038,-0.765723,-0.540296,-0.966661,-0.422215,0.402621,0.260479,-1.011596,0.219971,0.142806,-0.120457,-0.005338,0.446976,-0.980426,-0.759259,0.653219,-0.933991,-0.885156,-0.856701,0.263995,-0.676173,-0.262673,0.696039,-0.190412,0.482909,-0.183501)
(0.014236,0.635592,-1.022791,-0.494056,-0.834783,-0.997058,-0.235186,0.002049,0.163563,-0.401106,-0.704421,-0.894477,0.161454,-0.021205,-1.531228,-0.482627,0.111479,0.082250,-1.071429,-1.043005,-0.810781,-0.059341,-0.720170,-1.085821,-1.025451,-0.464173,0.017265,-0.327880,0.178740,-0.686190,0.070025,-0.544878,0.212804,-0.790344,0.185179,0.120617,-0.185711,0.220344,0.103808,0.396276,0.321483,0.265141,0.147149,-0.232801,0.346085,-0.211312,0.351551,0.045812,0.139547,0.525087,0.280308,-0.191479)
(-0.658928,0.264852,-0.178893,0.262751,-1.015284,-0.907023,0.346968,-1.051194,-0.292660,0.278691,-0.898321,-1.015318,-0.478973,-0.806417,0.284643,0.347324,0.304610,-0.964393,-0.859646,0.245997,0.429499,0.619649,0.593357,-1.236689,-1.099731,-0.697792,0.246894,-0.742129,0.077790,-0.132818,0.358127,-1.172489,0.349542,-0.771003,-0.496725,0.660275,-0.691547,-0.280039,0.244318,-1.148455,0.563564,-0.630846,0.503895,-1.264543,-0.517313,0.759822,-0.016066,0.632384,0.619877,-0.298454,-1.398537,-0.192319)
(-0.573620,0.230938,0.208539,-0.810565,0.588959,0.381278,-0.671279,-0.986166,-0.310370,-0.744519,-0.962555,-0.278544,0.283984,-1.014032,-1.154070,-0.134277,-0.738944,0.155808,0.265689,0.175602,-0.714905,-0.323381,-0.908119,-1.138931,0.217472,0.530346,0.447246,-0.661216,0.419219,-0.610149,0.835991,0.303290,-0.746083,-0.849951,0.250429,-0.578567,0.318570,-0.301287,0.409460,-0.707089,-1.206048,0.004995,0.225900,0.169930,0.119329,-0.095631,-0.549188,0.205405,-1.027860,0.314375,0.249435,-0.195934)
(-0.095588,0.247573,0.347806,0.202381,-0.027887,-0.111149,0.014658,-0.140504,0.224204,-0.517619,0.102139,0.061166,-0.436679,0.093204,0.457670,-0.059823,-1.324810,0.063736,0.145759,-0.034914,-0.269480,-1.217700,0.272008,0.055047,0.272610,0.050255,-0.980244,0.121115,-0.797760,-0.499135,-0.820474,-0.046451,-0.494036,0.045240,0.216124,-0.355390,0.111666,0.257879,0.079568,-0.480913,-1.078391,-0.932847,-0.847754,0.466759,0.372210,0.021718,-1.241380,-1.245597,-0.579871,0.215139,-0.604594,-0.196626)
(-0.133837,-1.170201,-0.788555,-0.746860,-0.889976,-0.093718,-0.566743,-1.289280,0.124316,-0.898695,0.354210,0.214479,0.237854,0.001901,-0.678012,-1.389184,-0.833001,-1.344933,0.607503,-0.198653,-0.847767,-0.198713,0.330176,-0.041058,-0.006315,-1.136064,-0.297911,0.419322,-0.035370,0.386264,0.360254,0.215492,-1.572889,0.086572,0.491383,-1.121064,0.276089,0.123525,-0.110291,-1.365526,0.259549,0.330337,-0.770584,0.326963,0.295029,0.266234,0.156498,-0.043250,0.033103,-0.047107,-0.089691,-0.195377)
(0.012840,-0.051479,-0.023832,0.066082,-0.113308,0.359579,0.073763,-0.005029,-0.171896,0.049947,0.255272,-0.130445,-0.054425,0.106276,-0.060939,0.169146,0.039310,-0.051126,0.351650,0.533005,-0.060529,0.251476,0.039105,0.304782,-0.207115,-0.266023,-0.189707,-0.072208,-0.993621,-0.056677,-1.415212,-1.098562,-0.195584,0.019632,0.501918,-0.061933,0.126719,-0.147530,-0.709037,0.434326,0.190085,-0.447719,0.108656,-1.333454,-1.516155,-1.451124,0.063749,-0.667482,-1.149332,-1.336967,-1.367014,-0.224059)
(-0.799330,0.526413,-0.001602,0.248538,0.122555,-1.009546,0.229707,-1.077181,-0.109216,0.333230,-0.823912,-0.869551,-0.332243,-0.432280,-0.017433,0.146800,0.067298,-0.153678,0.261975,0.051154,-0.114080,-0.993360,-0.599890,-0.645110,0.253944,-0.070239,0.208775,-0.711020,0.196957,-0.426024,-0.208253,-0.671554,0.359879,-0.860464,-0.746185,0.470279,-0.812356,-0.093680,0.407340,-0.656814,0.159249,-1.066522,0.132284,-1.031326,0.170474,0.096087,-0.616890,0.474081,-0.982209,0.260787,-0.845379,-0.155765)
(-0.668632,-0.822331,-0.302699,-0.666169,-1.070204,-1.086931,-0.113948,-1.400829,0.108397,-0.365439,-0.691425,0.024154,0.080752,0.159152,-0.363228,-0.444279,0.178502,-0.762001,-1.010937,-0.739791,-0.049359,-0.225456,-0.772195,-0.124972,-0.099992,-0.034688,0.039354,-0.082509,0.214467,0.105801,-0.284234,0.260557,0.026221,-0.165187,0.092912,0.144980,0.614622,0.176256,0.020870,-0.701432,-0.045434,0.056700,-0.233404,-1.154014,-0.982374,0.097944,-0.055246,-0.058421,-0.272309,-0.018676,-0.287033,-0.204765)
(-1.031912,-0.738908,-1.083694,0.687098,0.386373,-0.082842,-1.163880,0.329847,-0.185105,-1.049808,0.286585,-0.023879,0.035255,0.286089,-0.973037,0.163556,-0.686318,0.312020,-0.721744,0.302868,0.703029,-0.188877,0.493045,-0.355735,0.397850,-1.286658,-0.954710,0.555910,-1.078113,-1.264524,0.488593,-0.302226,-1.670930,0.251849,0.314498,0.204334,0.193851,-0.171588,0.283671,-0.526656,-1.084291,0.456843,-1.284535,0.084632,-0.930243,0.164378,0.400521,0.165151,0.364685,-0.954507,0.172081,-0.205599)
(-0.428063,-0.195238,0.015748,0.151124,0.342373,-1.279931,0.066223,-1.394942,0.145240,0.126457,0.268240,-0.517035,-0.917317,-0.767778,-0.152662,-0.907343,0.158048,-0.878354,0.016102,0.195120,0.186197,-0.876144,0.219131,0.209506,-0.837323,-0.014311,0.197934,0.178998,0.397502,0.194054,-0.001882,-0.557179,0.587425,-1.457567,0.390626,-0.287860,-0.950638,0.172522,0.274607,-0.900475,0.283470,-1.014138,-1.029546,-0.985490,0.023354,0.285409,-0.186327,-0.534381,0.344854,0.401333,-1.114284,-0.196464)
(0.221598,-0.537302,0.536236,0.182505,0.016452,0.014987,-0.588464,0.364777,-0.485429,-0.701660,0.016715,0.043541,0.000306,-0.222615,0.084085,0.262101,-0.217587,0.102788,-0.530435,0.026319,0.282833,0.400449,0.030935,-0.493089,-0.304946,-0.279566,-1.013780,0.071029,-0.852373,0.206163,0.450100,0.074622,-1.116211,0.172717,-0.893881,0.044402,0.243149,-0.478440,-0.839506,0.117937,-0.219029,0.065369,-0.735684,-0.046716,-1.242409,0.030720,-0.984424,-1.086414,-0.724648,-1.206265,-0.718701,-0.191442)
(0.396999,-0.638496,-0.950413,-0.773022,-0.887454,-0.439745,-0.499214,-0.483785,0.140109,-0.589976,-0.606367,-0.128075,0.602075,0.229787,-0.738823,-1.092419,-0.786371,-1.024131,-0.865124,-1.283543,-0.846676,0.233470,-0.751580,-1.541320,0.091174,-0.751774,0.094605,0.189603,-0.077250,0.779286,0.152498,0.137165,-0.224699,0.340843,0.329186,-0.412180,-0.347457,0.214814,-0.341138,-0.078259,0.227765,0.027157,0.005353,0.301494,-0.435538,0.423581,0.310466,0.048764,0.105863,0.062762,0.189783,-0.165930)
(-0.642083,0.247515,0.055280,0.205046,0.390683,0.315276,0.277135,0.687554,-0.703500,0.153402,-0.739127,0.297825,-0.664062,-0.875516,-0.120238,-0.839063,-0.138017,-0.682104,0.533982,-0.788973,0.102300,-0.395157,0.554448,-0.693491,-0.683276,0.258156,-0.177896,0.254210,0.325499,0.157317,0.054060,-0.897606,-1.285841,0.287724,-0.585995,0.138700,0.291551,-0.646936,-0.825919,0.435550,0.251756,-0.983455,-0.989197,-0.956730,-0.475389,-0.334156,0.514120,-0.917184,-0.193107,-0.720288,-0.683702,-0.191989)
(-0.838798,0.172533,-0.739754,-0.110906,-0.744421,-0.838409,0.695087,0.501102,-0.509076,0.401823,-0.940704,-0.917605,0.546724,-0.168038,0.812978,0.641156,0.335920,-1.076071,-0.244295,0.162636,0.549117,0.369578,-0.264465,-0.729442,0.227197,0.310114,-0.486663,-1.106932,-0.634376,0.882222,-0.897997,-0.730900,0.421058,-0.965017,-0.991043,0.628203,-0.794073,-0.510416,-0.372256,-0.710483,0.722803,-1.048042,0.929009,-0.747971,-0.563604,-0.932098,0.389382,0.857281,-0.673381,-0.525107,-1.181634,-0.149421)
(0.176187,0.044718,0.100893,-0.822471,-1.023476,0.316109,-0.499762,-0.633942,-0.059863,-0.507693,-0.647867,-0.460934,-0.948659,-0.602219,0.427892,0.084303,-0.672421,-0.245510,0.163268,-0.927705,-0.580769,-0.129407,-0.591874,-0.211394,-0.658463,0.246309,-0.080811,-0.380816,-0.105489,0.017713,0.037621,0.148740,0.042074,0.011065,-0.516373,-0.953108,0.008449,-0.039593,-1.014615,-0.028010,0.021233,0.146491,-0.195353,0.324908,-0.401498,-1.027915,-0.064000,-0.110427,-0.011202,-0.076124,0.171092,-0.203063)
(-0.779021,0.026343,-0.260634,0.005330,0.507584,-1.213800,0.445575,0.205901,-0.563505,0.348509,-0.045945,0.664735,0.573036,0.361233,0.373437,-0.449498,-1.170619,-1.035195,-0.797648,-0.966109,0.310407,-1.132722,-0.759078,-0.269297,0.260760,0.289041,-0.890218,-0.230606,0.151141,0.395831,-0.964943,-1.077313,0.699139,-0.455436,-0.712012,-1.056683,-0.946146,-0.553209,0.407573,0.134307,-0.783190,-0.869302,-0.546208,0.169337,-0.481930,0.531978,0.262611,-0.336755,-0.610879,0.324450,0.212797,-0.172902)
(0.063740,-0.815623,-0.771279,-0.838433,-0.858714,-0.679152,0.280054,-1.093926,0.261765,0.432259,-0.619030,-0.558164,-0.001112,0.604444,-1.145746,-0.739806,1.416857,-0.055499,0.290407,0.549278,-0.902549,0.526618,-0.743964,0.548964,0.250644,0.035035,-1.158508,-0.512844,-0.667226,-0.899714,-0.826872,0.578692,-0.396878,-0.719173,0.341158,0.320807,-0.434955,0.304267,-0.456099,-0.841454,-0.689368,-0.956360,0.737229,-0.920915,0.864155,-0.025024,-0.540463,0.491756,0.011087,0.242722,0.173393,-0.186819)
(-0.001706,0.622044,0.479802,0.177288,0.282457,0.312261,0.139000,0.458668,-0.711529,-0.181219,0.233453,-0.367524,0.238268,-0.838825,-0.879314,0.156191,-1.118765,0.310809,0.418815,0.082580,-0.320601,-0.660222,0.126761,-0.323463,0.153991,0.121019,-0.524273,-0.521515,-0.939254,-0.594173,-0.586659,-0.131599,-0.383358,-0.650605,-0.156845,0.129809,-0.561517,-0.698905,0.079555,-0.787214,-0.959570,-0.824440,-0.617651,0.026591,0.034971,0.048181,-0.917301,-0.963949,-0.032898,-0.292379,0.383424,-0.207049)
(-0.123396,0.148531,-1.341779,0.457574,-0.083241,-0.849875,-1.018330,0.008388,0.185328,0.094195,0.439855,-0.372399,-0.041192,0.038386,-1.435781,0.114367,-0.082591,0.142509,-0.506141,-0.584049,0.121574,-0.183691,0.045660,-0.266186,0.305311,-0.630517,0.416905,0.301614,-1.047818,-0.671702,-0.962963,-1.422315,-0.217490,0.104263,-0.017400,0.001520,0.006931,0.222910,-0.018911,0.295310,-1.133288,0.097111,-1.052203,-0.082364,-0.845240,-0.360039,0.219343,0.062592,0.121357,-0.368157,-0.079760,-0.215566)
(-1.032120,0.247807,0.005590,0.076540,0.246823,0.107227,0.067443,0.509485,-0.963130,-0.148372,-0.322927,0.175122,-0.928881,-0.394575,-0.098594,0.257403,0.043488,0.416033,0.172334,-0.238953,0.289028,-0.350189,0.120184,0.327029,-0.852663,0.360130,-0.956558,-0.979158,0.092990,-1.183512,0.257865,-1.007406,0.136323,-1.216139,-0.675154,-1.104678,0.194205,-0.952130,-0.135390,-0.008072,-0.856849,0.434299,-0.863556,-0.025141,0.392504,-0.788803,0.091519,-1.106878,0.481244,-0.676007,0.533295,-0.201614)
(-0.727965,0.238613,0.084054,0.138851,-0.679468,0.302505,0.130048,-0.290610,-0.127634,-1.123335,-0.879738,0.272140,0.373886,-0.877438,0.123168,-0.120393,0.134856,-1.106200,-0.543303,-0.973009,0.439287,-0.227346,0.263837,-0.822946,-1.008454,-1.020506,0.132653,0.272519,0.002125,-0.373065,0.172454,-0.481188,0.040716,0.329474,-1.027638,-0.844978,-0.548487,-0.113046,-0.090662,-0.018160,0.101662,0.304712,0.109204,0.406078,0.286996,-0.559923,0.113371,-0.638643,0.212501,-0.979726,-0.729238,-0.199492)
(0.138519,0.127939,-1.315520,-0.070523,-1.124309,-0.840183,0.273414,0.187139,-0.544405,0.204668,0.008496,0.199039,0.357467,0.280057,0.526730,0.369308,0.189957,-0.338880,-0.584175,-1.056183,0.084370,0.118776,-0.115107,-0.421524,-0.684330,-0.775470,0.042253,0.045237,-0.585442,0.109694,-1.115858,-0.846692,0.367501,0.210444,-0.261254,0.151838,0.393999,-0.537285,-0.893945,0.080701,0.171448,0.173887,0.119634,-0.868746,-0.731289,-0.716749,0.023946,0.288307,-0.768257,-0.659000,-0.968853,-0.163534)
(-0.216551,0.025763,0.324982,-1.053012,-0.544722,0.082856,-0.800217,0.156036,-0.236815,0.321292,-0.931212,-0.905372,-0.643490,-0.710974,-0.517244,0.262063,-0.014800,0.078373,-0.457270,-0.135747,-0.439325,0.291544,-1.040180,0.041705,0.110392,0.351549,0.118903,-0.741586,0.183638,-0.015770,0.133822,-0.136668,-0.003013,-0.685390,-0.557910,-0.742745,-0.087918,-0.221380,-0.615574,0.134883,-0.972569,-0.412614,-0.001418,-0.179449,-1.172327,-0.916552,0.140056,0.047953,-0.037784,0.211761,0.187360,-0.176480)
(0.299856,0.283392,-0.525655,-0.703817,0.161752,-0.114295,-0.542841,-0.100387,-0.101726,-0.188256,-0.171919,-0.237925,-0.656604,-0.911678,-1.002171,-1.003765,-0.594456,-0.164240,-0.126642,-0.379873,-0.871750,-0.093379,-0.793955,-0.550244,-0.006726,0.142315,0.302608,0.331759,-0.196846,0.173717,0.379619,0.149140,-0.643141,-0.253739,0.325106,-0.191187,-0.352287,-0.085547,-0.678736,-0.695265,-0.323141,-0.746061,-0.679654,-0.102470,-0.261024,0.159238,-0.191354,-0.182824,-0.205839,-0.077851,0.152772,-0.214028)
(0.311686,-1.053894,-0.709948,-0.760470,-0.882310,-0.921054,-0.407436,0.432135,0.254855,-0.112210,0.083880,-0.796251,-0.187860,0.613510,-0.612257,-0.203286,-0.401614,0.454381,-0.887689,-0.788090,-1.004092,-0.917737,-0.881732,0.271637,-0.037776,-0.561731,0.406647,-0.844042,0.040099,-0.603132,-0.877366,-0.703632,0.230360,0.625786,-0.888972,-0.328897,0.505763,0.279593,0.191190,0.393196,-0.727583,0.212746,0.062189,0.414153,-0.029001,-0.595695,0.320979,0.216981,-0.208618,0.190921,0.175170,-0.176037)
(-0.717441,-1.306269,0.464944,0.328707,-0.847313,-0.270098,-0.615796,-0.940975,0.450509,-0.999839,0.494529,-0.384514,-0.740035,0.571984,0.102296,-0.013836,0.387525,0.280105,-0.994689,-0.089718,-0.994146,-0.438230,-0.207489,0.394731,-0.787534,-1.212535,-0.862973,-0.367989,0.087100,-1.044785,0.036965,0.194381,-0.284954,-0.657536,-1.272018,-0.705020,-0.387865,0.476804,0.163376,0.329033,0.087822,0.098175,0.220838,0.130896,0.342578,0.113872,-0.358502,-0.261513,-0.071083,-0.027318,-0.594529,-0.207878)
(-1.067151,0.348140,-0.765508,0.310892,0.866033,-1.066450,-0.715572,0.349405,-0.595506,0.035583,-0.908455,0.195841,0.034943,-0.718100,0.718871,-0.819939,-1.593434,-0.876871,-0.756839,-0.932550,0.230910,-1.417096,-0.666043,-1.190340,-0.006812,0.420049,0.146291,0.509785,0.065730,0.208144,0.164866,-0.798115,0.094657,-1.284538,-0.412406,0.101809,-0.925895,-0.597382,0.546244,0.402374,-0.000330,-0.920318,-1.089172,-0.152716,-0.422804,0.813838,0.169535,-0.151009,0.059592,0.282897,0.129090,-0.216727)
(0.706169,-1.043521,0.002633,-1.012243,0.241231,0.606339,0.731046,0.016071,-0.221590,-0.442602,0.519821,-0.850330,-0.492293,0.150315,-1.075984,0.414016,-0.743087,0.317212,-0.947052,0.411067,-0.836848,0.222175,0.043266,0.280527,0.415673,0.437315,-0.633941,-0.672205,-0.844063,-0.175773,-0.691271,0.209181,-0.873233,-0.520044,-1.121188,0.122167,-0.576627,-0.212047,0.222255,-0.550007,-0.740517,-0.622475,0.485217,0.740904,-0.717930,0.158601,-0.788425,-1.014728,-0.646305,0.491488,0.090237,-0.148661)
(-0.941057,-0.843453,-1.400603,0.291156,0.157149,0.095859,-0.901033,-0.146979,-0.231913,-0.977420,-0.062403,0.282443,0.369893,-0.562982,0.364563,0.171150,-0.109363,-0.917775,-0.742169,-0.784966,0.406505,0.129287,-0.430103,-0.773476,-0.980146,-0.674342,-0.796957,0.334504,-0.068228,-0.594397,0.126683,0.192998,0.104915,-0.020654,0.321014,-0.702962,-0.927076,-0.217274,-0.190535,-0.005204,0.224860,0.140058,-0.116678,0.039919,-0.302399,-0.799034,0.068684,0.176774,0.182358,-0.954238,0.166199,-0.168600)
(0.156162,-1.085626,-0.640611,-0.852916,0.314068,-0.799707,-0.570053,0.515632,-0.852005,0.230985,0.737594,-0.122822,0.145253,0.407066,-1.037254,-0.705343,0.080719,-0.246436,-0.799710,0.023467,0.313998,0.372277,0.274065,0.284460,0.250288,-0.633072,-0.789836,0.231147,-0.506578,-0.434597,-0.447180,-0.607949,-0.495994,-0.374209,-0.039372,0.053664,-0.285052,-0.835425,-0.551042,-0.797429,-0.815112,-0.508688,-0.439184,-0.587152,-0.513418,0.572992,-0.489477,0.323754,0.689873,-0.255579,0.271667,-0.191153)
(0.559808,-0.771532,0.121179,-1.133920,-0.298612,0.329327,-1.237819,-0.482105,-0.366403,0.414336,-0.833085,-0.951123,-0.997480,-0.890850,0.254490,-0.667376,0.471168,-0.126136,0.181494,0.181848,-1.106940,0.522152,-0.469072,0.175367,0.251966,0.243188,0.726551,0.262403,-0.632974,0.412561,0.461398,0.390127,-0.858622,0.012574,0.571609,0.289430,-0.225826,-0.355874,-0.895711,-0.914505,-0.117837,-0.805634,-0.007243,-0.910971,-0.875800,-0.256993,-0.698947,0.414204,-0.734864,-0.237687,-0.516393,-0.197856)
(-0.655447,-0.658237,-0.489085,-0.588348,-0.504680,-0.150961,0.282450,-0.582458,-0.050520,-0.382188,-0.433939,-0.115271,-0.557257,-0.634987,-0.409147,-0.546681,-0.141435,-0.684175,-0.791752,0.431734,-0.673908,0.084614,-0.436715,-0.195047,-0.494396,0.226945,-0.532841,-0.714342,0.308724,-0.449991,-0.438212,0.592949,0.181547,-0.872465,-0.759054,-0.741009,-0.740443,-0.038783,0.393687,0.017111,-0.063982,0.059628,0.098519,0.130040,0.272248,-0.795729,0.130750,-0.021663,0.293348,0.210852,0.108073,-0.157483)
(0.201505,-1.141275,0.245204,0.475278,-1.019957,-0.809057,0.333943,-0.954800,0.293597,-0.584760,0.316702,-0.904742,-0.953890,0.129119,-0.114253,-0.455811,0.161839,0.257445,0.058154,0.243020,-1.025260,-0.908247,0.248283,0.216138,-1.162433,-0.827832,0.196584,-0.690768,0.123441,-0.303145,-0.321293,-0.204389,-0.319355,0.041425,-1.240402,0.210391,-0.141593,0.321731,0.164802,0.483728,0.366283,-0.166823,0.059412,0.101579,0.194842,-0.219369,-0.829649,-0.934925,-0.111949,0.132967,-1.149950,-0.170228)
(0.128368,-0.972033,-1.051986,-0.930596,0.142316,-0.076122,-0.410534,-0.128922,0.180479,0.534547,0.450985,-0.560295,0.408758,0.195575,-0.707469,-0.540494,-0.825106,0.037387,0.413885,0.327583,-0.736830,0.391794,-0.198656,0.131770,0.202969,0.565203,-1.068886,-0.599048,-0.697060,-0.104506,-0.836768,0.342295,-0.569166,-0.892468,0.548531,0.074398,0.106620,0.202053,-0.740679,-0.744976,-0.798866,-0.795601,-0.220992,-0.820791,-0.515864,-0.002521,-0.738379,0.433151,0.104035,0.316970,0.272817,-0.205873)
(-0.721753,0.212165,-0.784415,0.157770,0.506699,0.337380,0.031926,0.200259,-0.596436,0.054449,-0.354314,0.142237,0.494450,0.354366,0.443248,0.179658,0.014442,-0.065379,0.043663,-0.700117,0.108733,-0.215789,-0.828947,-0.873779,-0.045980,-1.131696,-0.200219,0.300048,-0.559900,-0.059460,-0.019449,-0.821153,-1.201730,0.199250,-0.785985,0.311755,-0.991203,-0.598046,-0.261187,0.425891,0.120363,-0.637658,-0.579415,-0.510472,-0.642495,-0.521312,0.493544,0.180397,-0.838162,-0.877710,-0.736128,-0.219121)
(-0.089953,0.376174,0.567456,-0.932441,0.281154,0.324989,-0.176956,0.284966,-0.976466,0.526166,-0.737721,0.509159,-0.868721,-0.604797,-0.899673,-0.804143,-0.324230,0.445702,0.217046,-0.798495,-0.218706,-0.012974,-0.881539,0.241011,0.051160,0.335867,0.433255,-0.365604,0.486012,-0.652137,-0.517416,-0.738453,0.558818,-0.229484,-0.263211,-0.763396,0.559450,-0.938500,-0.875688,-0.335874,-1.056086,-0.640254,-0.502514,-0.629107,0.087936,-0.552710,0.297965,-0.427189,-0.505859,0.160940,0.125041,-0.154240)
(-0.573968,-0.628800,0.041702,-0.786293,-0.556834,-0.623359,-0.162487,-0.357789,-0.786287,-0.483941,-0.637673,-0.429591,-0.445672,-0.169349,-0.286122,-0.802731,-0.524795,-0.323086,-0.588109,-0.744478,-0.638241,-0.473701,-0.393804,0.042889,-0.185520,-0.141942,-0.037475,-0.538071,0.246820,-0.479402,0.118970,-0.608902,0.027693,-0.792474,-0.797033,-0.538421,-0.253158,-0.790368,0.350722,0.323525,0.204938,0.147077,0.188778,0.531615,0.509608,-0.470138,0.461553,0.152748,0.424299,0.411094,0.458270,-0.167587)
(0.288321,0.286181,0.420663,0.377178,-0.364233,-0.937512,-1.399861,0.023721,-0.928937,0.249192,-1.083853,-1.248189,-1.373026,-0.063938,0.385774,-0.921028,0.389504,0.578246,0.422536,0.125181,0.209712,-0.197797,-0.000641,-0.156803,-0.021891,-0.762847,0.584877,0.723412,-0.984475,-0.284015,0.611276,-1.281400,-1.173356,-0.256782,0.581332,0.164558,-0.768293,-0.944203,-0.849001,-1.034866,0.555877,-0.830526,-0.882956,-0.717449,0.118716,0.499798,-0.470430,0.184316,0.508518,-0.038105,-1.157371,-0.155624)
(-0.637866,-0.711006,0.680783,-1.076424,-0.738385,0.200056,-0.922789,-0.654881,-0.410551,-0.701455,-1.028429,-0.067971,-0.578368,-0.462041,0.550229,-0.751216,-0.215019,0.142827,0.369114,-0.898509,-0.773120,-0.013460,-0.685177,0.395299,0.381993,0.242340,0.098151,0.033139,0.184689,-0.895734,0.454065,0.324147,0.087625,-0.884726,-0.663265,-0.700261,0.763402,-0.406307,-0.511607,-0.970251,-0.730474,-0.069658,0.274276,0.059907,0.352092,-0.422508,-0.239892,0.146431,-0.643437,0.230523,0.231953,-0.206586)
(-0.419486,-1.200522,0.142899,-0.346483,-1.221702,0.011203,0.194203,-0.638272,-0.352606,0.023470,0.027910,0.312580,-0.085420,0.430047,0.718711,0.391273,-0.433122,-1.214449,-0.239684,-0.047682,0.481711,0.159079,-0.007066,0.435317,0.238369,-0.147877,-0.745842,-0.302079,0.300983,0.058988,-1.084540,0.027545,-0.855825,0.276321,-1.165138,-1.214232,-0.009813,-0.339536,-0.467356,-0.123127,-0.767796,0.036657,-0.109543,-0.028488,-1.185289,-0.945548,0.026448,-0.494767,-0.601565,-0.427119,-0.691384,-0.195122)
(0.159851,-0.749579,-0.374638,-1.030224,0.090576,0.236409,0.911977,0.333627,-0.433764,-0.683308,0.293194,0.002851,0.329135,-0.066274,-0.780481,0.240474,-0.736721,-0.386986,-0.759091,-0.062048,-0.440111,0.285563,0.353307,0.084082,0.026010,-0.050296,-0.769747,-1.090729,-0.757117,0.696588,-0.539792,0.169021,-0.782526,0.610448,0.440075,0.136617,0.131269,-0.425255,-0.629441,-1.133741,-0.856280,-0.647092,0.425723,-0.330778,-0.760574,0.004367,-0.787747,-0.676995,-0.453189,-0.404399,0.008400,-0.199704)
(0.403460,0.172199,-1.309931,-1.045762,-1.010285,-0.780702,-0.294111,0.211528,0.228492,0.369903,-0.906033,-1.311963,-0.736573,0.602008,-1.400144,-1.064136,0.939459,-0.695359,-0.129881,-1.048427,0.231408,-0.116389,0.394174,0.053585,-1.087125,-1.011670,0.200830,0.099550,-1.045524,0.025206,-0.816154,-0.777879,0.458067,0.322753,0.357235,0.073375,-0.517075,0.273844,-0.905369,0.256973,0.652763,0.484060,-0.027389,-0.910285,0.562873,-0.656940,0.080909,0.261967,0.241903,0.114868,0.249002,-0.192306)
(-0.123524,0.227710,-0.176796,0.333825,-0.706025,0.123403,0.015348,-0.625494,0.366722,-1.092673,-0.499276,-0.723654,-0.232390,-0.590647,0.130954,0.375223,0.392967,0.063136,-0.411408,-0.589806,-0.720924,-0.362189,0.214442,-1.032370,-0.938908,-0.890988,0.187421,0.072977,-0.044628,-0.870409,0.078033,0.140334,-0.091605,0.050536,-0.587574,-0.024517,-0.930979,0.413579,0.006956,0.116222,0.174850,0.158241,0.008865,0.109002,0.098059,-0.321190,-0.230692,-0.416059,-0.039487,-1.126817,-0.802821,-0.229572)
(0.288027,-0.544213,0.025016,0.445552,-0.080097,0.260258,0.252579,-0.748704,-0.594741,-0.562251,0.225204,0.272391,-0.830529,-0.867708,0.142993,0.339383,0.167471,-0.168322,0.171697,0.610298,-1.037502,-0.844750,0.339410,0.028534,-1.262174,0.234458,-0.673710,-1.368928,0.325406,0.632741,-0.476229,0.072727,-0.548722,0.131787,-0.721272,-0.718391,-0.905507,-0.601740,0.084061,0.688502,0.368289,-0.206039,0.224067,0.178869,0.384731,-0.509754,-1.144829,-0.909797,-0.943792,-0.900616,-0.946407,-0.185303)
(-0.309739,0.526546,0.867393,0.405155,0.243475,-0.056910,0.421008,0.351312,-0.697169,-1.274580,0.324415,0.530603,0.400264,0.090532,-0.609164,0.068453,-0.901285,0.263525,-0.173136,0.472834,0.371420,0.302261,-0.847879,-1.014906,-0.049470,-0.602166,-0.974845,-1.108777,-0.646672,-0.930248,-0.522205,0.105626,-0.595016,0.473691,-0.771114,-0.002377,0.291836,-0.699222,0.313535,0.181657,-1.152054,0.519865,0.189673,0.353790,-0.891217,0.028907,-1.175285,-1.342949,-0.777693,-1.155322,0.277200,-0.204328)
(-0.911779,0.281900,0.028168,0.008853,0.189064,0.383864,0.146580,0.084371,-0.932687,0.111300,-0.197007,0.201447,0.196231,0.125074,-0.174135,0.121409,0.093504,0.141899,0.336152,0.167862,0.068121,-0.425754,-1.111071,0.132346,0.302605,0.121054,-0.495045,-0.370129,-0.601432,0.039838,-0.809703,-0.925236,0.246096,0.268095,0.834788,0.146694,0.237999,-0.933166,0.194406,-0.674361,-1.477019,-0.924453,-0.629809,-1.159743,-0.821540,-0.701828,0.294319,-0.783865,-0.978370,-0.851605,0.229106,-0.204211)
(0.078186,0.113624,-1.131902,-0.689072,-0.247108,0.371440,-0.778126,0.041587,0.155399,-0.472464,-0.851369,-1.072619,-0.063652,-0.487782,0.880825,0.271988,0.206054,0.092863,0.404220,-0.149750,-0.847227,-0.054848,-0.052799,-0.266686,0.067374,-0.416731,-0.024646,0.419885,-1.342955,-0.477268,0.458519,0.309534,-0.782533,0.251736,0.135546,0.240073,-0.139738,0.191337,-0.723617,-1.240147,-0.210067,0.260152,-0.120955,-0.896269,0.014914,-0.026129,-0.974929,0.183393,-0.841213,-1.063740,-0.133837,-0.168352)
(0.010365,0.212362,-0.967281,-1.020156,0.300465,0.065751,0.401654,-1.051157,0.014720,-1.028430,0.345988,-0.936724,0.446664,-0.905403,-1.207554,0.119082,-0.498159,0.241183,0.093779,0.067037,-0.775535,-0.141495,-0.570687,-0.274994,-0.052704,0.279519,0.025183,-0.813976,-0.327199,-0.702331,0.069550,-0.043582,-0.265557,-0.857089,0.451757,0.011053,0.188446,0.076663,0.169754,-1.267878,-1.343791,0.342438,0.093354,0.085421,0.231952,0.002900,-1.053283,-0.037427,-0.224913,-0.062940,-0.003691,-0.190992)
(0.178061,-0.211360,1.138167,0.199975,-0.334163,0.041648,-0.861530,-0.480092,-0.133606,-0.863054,0.172686,0.154165,-0.578042,-0.585255,-0.724397,-1.185181,-0.873672,0.335356,0.324038,-1.471759,-1.170565,-0.687422,0.126010,0.162169,-0.931114,-0.495988,-0.215468,0.408236,0.191262,-0.145707,0.269174,-0.020882,-0.678705,0.351165,0.086457,-0.848236,0.392296,-0.115439,-1.083277,0.319482,0.242987,-0.638111,-0.425259,0.340009,0.265496,0.479024,-0.301570,-1.104518,-0.556439,0.288434,-0.235839,-0.213274)
(-0.241621,0.442015,-0.679707,-0.325900,0.368517,0.403867,-0.356866,0.163571,0.094018,-0.967843,-0.254844,-1.200632,0.483826,-0.780706,-0.789233,0.463380,-0.339115,0.437657,0.184724,0.539362,-0.984848,0.041794,-0.808970,-1.140251,0.220883,-0.834126,-0.056476,-0.725835,-0.947023,-0.732723,0.345524,0.077852,-0.913910,-0.747665,0.360887,0.386346,-0.383188,0.112300,0.506730,-0.658694,-1.041867,0.429964,0.580806,-0.301670,0.069893,0.180389,-0.850646,0.118040,-0.224164,-0.553420,0.337038,-0.152624)
(0.321465,-0.221039,-0.811641,-0.784775,-0.709765,-0.562016,-0.533554,0.692136,-0.335839,0.446109,-0.734367,-1.123382,0.073071,0.359316,-0.824537,-0.845731,-0.917071,-0.723545,-0.740173,-0.685108,0.150367,-0.872463,0.432563,-0.886184,-0.795876,-0.552293,0.649032,-0.579653,-0.908737,0.071254,-0.853377,-0.570598,0.488330,0.615386,0.044516,0.556229,-0.613019,-0.330237,0.064417,0.516591,0.643925,0.406112,0.321438,-0.740492,-0.299212,-0.492024,0.232562,0.299669,0.233083,0.459095,-0.123240,-0.193378)
(-0.470272,0.091460,-1.153656,0.393284,0.218371,0.277366,-0.610514,0.263862,0.069001,-0.852612,0.028307,0.108950,0.338557,-1.092934,-0.812995,0.157130,-0.665226,-0.132955,-0.477693,-0.652841,-0.565214,-0.453984,-0.557767,-0.959204,-1.167272,-0.678588,0.003151,-0.040892,0.020212,-0.665893,-0.014081,0.041800,0.060472,0.365607,0.296731,-0.751311,-0.547000,0.093351,0.063435,0.019685,0.353423,0.065759,0.019097,0.132673,0.201721,-1.181368,0.153171,-0.090382,-0.155282,-1.182703,0.248017,-0.191361)
(0.225755,-0.242262,0.070032,0.260630,-0.044183,0.058071,0.290855,-0.563212,-0.671405,0.025407,0.340513,0.489967,-0.588526,-0.490232,0.000108,-0.601351,0.102030,-0.646657,0.138869,0.134247,-0.284024,-0.699349,0.000273,0.086305,-0.836387,-0.035030,-0.992583,-1.104386,0.474571,0.665549,-1.069875,-0.480589,-0.003509,0.578251,-0.593484,-0.610655,-0.655365,-0.649416,-0.390067,0.284861,0.322574,-1.344399,0.471962,-0.103121,0.332933,0.033127,-0.956972,-0.818902,-1.071805,-0.844636,-0.860888,-0.158863)
(0.156027,-0.657135,0.520429,0.444159,-0.061552,-0.082842,-0.761229,-0.177579,-0.510372,-0.793483,0.250331,0.108155,-0.657646,-0.805757,-0.536997,-0.473318,-0.837451,0.135362,-0.912957,-0.511358,-0.714077,-0.745609,-0.017981,-0.154013,-1.066013,0.202785,-0.103393,-0.632070,0.056253,0.184471,-0.103273,-0.048764,0.221636,0.278596,-0.170833,-0.327028,0.423556,-0.500894,-0.211809,0.280855,0.054940,0.118743,-0.390773,-0.060732,-0.367343,0.144910,-0.578969,-1.073245,-0.481947,-0.236285,-0.546430,-0.167450)
(-0.300700,-0.470166,-0.435697,-0.478067,-0.452647,-0.490085,-0.285419,-0.369168,-0.448189,-0.360111,-0.344653,-0.401865,-0.432014,-0.394261,-0.481680,-0.416814,-0.375800,-0.452937,-0.399803,-0.281051,-0.427198,-0.313872,-0.339907,-0.436922,-0.341359,-0.405956,-0.463411,-0.472338,-0.367330,-0.350523,-0.309419,-0.482640,-0.438342,-0.435556,-0.342956,-0.482339,-0.343491,-0.383463,-0.383629,-0.467506,-0.415003,-0.418804,-0.221175,-0.420581,-0.428887,-0.355596,-0.455784,-0.353347,-0.305755,-0.356623,-0.314799,-0.294634)
